3547.54 9.72092e-16
3549.72265462 9.10486e-16
3551.90530924 9.39911e-16
3554.08796386 9.48923e-16
3556.27061848 9.41614e-16
3558.4532731 1.0216e-15
3560.63592772 9.84601e-16
3562.81858233 9.93659e-16
3565.00123695 9.92395e-16
3567.18389157 9.732e-16
3569.36654619 1.01662e-15
3571.54920081 9.96456e-16
3573.73185543 9.69541e-16
3575.91451005 9.76416e-16
3578.09716467 1.02123e-15
3580.27981929 1.03683e-15
3582.46247391 9.40618e-16
3584.64512853 9.69342e-16
3586.82778315 9.85153e-16
3589.01043777 1.01672e-15
3591.19309238 1.02191e-15
3593.375747 1.03081e-15
3595.55840162 1.01615e-15
3597.74105624 9.95186e-16
3599.92371086 1.0727e-15
3602.10636548 1.04212e-15
3604.2890201 1.04663e-15
3606.47167472 9.54239e-16
3608.65432934 9.71264e-16
3610.83698396 9.5954e-16
3613.01963858 9.25255e-16
3615.2022932 9.54684e-16
3617.38494781 9.25972e-16
3619.56760243 9.13933e-16
3621.75025705 9.97047e-16
3623.93291167 1.02657e-15
3626.11556629 9.96039e-16
3628.29822091 9.57463e-16
3630.48087553 9.55175e-16
3632.66353015 1.00062e-15
3634.84618477 9.20004e-16
3637.02883939 8.59371e-16
3639.21149401 9.37605e-16
3641.39414863 9.6151e-16
3643.57680325 9.18195e-16
3645.75945786 9.15e-16
3647.94211248 9.41506e-16
3650.1247671 9.43699e-16
3652.30742172 8.95972e-16
3654.49007634 8.95017e-16
3656.67273096 9.20799e-16
3658.85538558 9.41609e-16
3661.0380402 9.32206e-16
3663.22069482 9.5262e-16
3665.40334944 9.26274e-16
3667.58600406 9.42877e-16
3669.76865868 9.57373e-16
3671.9513133 9.23354e-16
3674.13396791 9.04212e-16
3676.31662253 8.70527e-16
3678.49927715 9.10843e-16
3680.68193177 9.19425e-16
3682.86458639 9.74834e-16
3685.04724101 9.36733e-16
3687.22989563 8.8545e-16
3689.41255025 8.91652e-16
3691.59520487 8.95726e-16
3693.77785949 8.89206e-16
3695.96051411 8.74919e-16
3698.14316873 8.98328e-16
3700.32582335 8.8811e-16
3702.50847796 8.88281e-16
3704.69113258 8.53129e-16
3706.8737872 8.86559e-16
3709.05644182 9.39775e-16
3711.23909644 9.05972e-16
3713.42175106 8.94226e-16
3715.60440568 9.29313e-16
3717.7870603 8.94642e-16
3719.96971492 9.30205e-16
3722.15236954 9.28494e-16
3724.33502416 8.91939e-16
3726.51767878 8.67666e-16
3728.7003334 9.09478e-16
3730.88298801 8.91661e-16
3733.06564263 8.35241e-16
3735.24829725 9.04684e-16
3737.43095187 8.97733e-16
3739.61360649 9.09244e-16
3741.79626111 8.91968e-16
3743.97891573 8.8645e-16
3746.16157035 9.27684e-16
3748.34422497 8.94321e-16
3750.52687959 8.90884e-16
3752.70953421 9.00325e-16
3754.89218883 8.52867e-16
3757.07484344 8.90726e-16
3759.25749806 8.81414e-16
3761.44015268 7.96609e-16
3763.6228073 8.11685e-16
3765.80546192 8.52797e-16
3767.98811654 8.58145e-16
3770.17077116 9.30869e-16
3772.35342578 9.23866e-16
3774.5360804 9.0895e-16
3776.71873502 9.30755e-16
3778.90138964 9.26061e-16
3781.08404426 8.45454e-16
3783.26669888 8.29282e-16
3785.44935349 8.57638e-16
3787.63200811 8.58391e-16
3789.81466273 8.94074e-16
3791.99731735 8.57888e-16
3794.17997197 8.33655e-16
3796.36262659 8.48518e-16
3798.54528121 8.87258e-16
3800.72793583 8.79892e-16
3802.91059045 8.80248e-16
3805.09324507 8.82451e-16
3807.27589969 9.16005e-16
3809.45855431 8.13403e-16
3811.64120893 8.29973e-16
3813.82386354 8.73004e-16
3816.00651816 8.48629e-16
3818.18917278 8.58814e-16
3820.3718274 8.84371e-16
3822.55448202 8.71997e-16
3824.73713664 8.76501e-16
3826.91979126 8.58404e-16
3829.10244588 8.44761e-16
3831.2851005 8.47987e-16
3833.46775512 8.36037e-16
3835.65040974 8.13141e-16
3837.83306436 8.45942e-16
3840.01571898 8.52233e-16
3842.19837359 8.73677e-16
3844.38102821 8.28454e-16
3846.56368283 8.11292e-16
3848.74633745 8.56788e-16
3850.92899207 8.57313e-16
3853.11164669 8.44262e-16
3855.29430131 8.21189e-16
3857.47695593 8.66631e-16
3859.65961055 8.68297e-16
3861.84226517 8.45818e-16
3864.02491979 8.16581e-16
3866.20757441 8.12136e-16
3868.39022902 8.1403e-16
3870.57288364 8.16251e-16
3872.75553826 8.27161e-16
3874.93819288 8.30212e-16
3877.1208475 7.70893e-16
3879.30350212 7.68423e-16
3881.48615674 8.41299e-16
3883.66881136 8.405e-16
3885.85146598 8.4495e-16
3888.0341206 8.38007e-16
3890.21677522 8.21367e-16
3892.39942984 7.98252e-16
3894.58208446 8.45469e-16
3896.76473907 8.24788e-16
3898.94739369 8.56713e-16
3901.13004831 8.78434e-16
3903.31270293 9.00361e-16
3905.49535755 8.78179e-16
3907.67801217 8.80224e-16
3909.86066679 8.57312e-16
3912.04332141 8.80947e-16
3914.22597603 9.58286e-16
3916.40863065 9.82233e-16
3918.59128527 9.31801e-16
3920.77393989 8.64709e-16
3922.95659451 8.26001e-16
3925.13924912 8.01135e-16
3927.32190374 8.18861e-16
3929.50455836 8.78539e-16
3931.68721298 8.26543e-16
3933.8698676 7.56371e-16
3936.05252222 7.63141e-16
3938.23517684 7.70062e-16
3940.41783146 8.27689e-16
3942.60048608 8.32688e-16
3944.7831407 8.71702e-16
3946.96579532 9.22115e-16
3949.14844994 8.98985e-16
3951.33110456 9.18213e-16
3953.51375917 8.7651e-16
3955.69641379 8.68562e-16
3957.87906841 9.28201e-16
3960.06172303 9.09427e-16
3962.24437765 9.02487e-16
3964.42703227 9.22187e-16
3966.60968689 9.01849e-16
3968.79234151 8.58072e-16
3970.97499613 8.64541e-16
3973.15765075 8.8017e-16
3975.34030537 8.86181e-16
3977.52295999 8.62858e-16
3979.7056146 8.59304e-16
3981.88826922 8.32682e-16
3984.07092384 7.96921e-16
3986.25357846 7.91542e-16
3988.43623308 8.05377e-16
3990.6188877 8.04099e-16
3992.80154232 8.44239e-16
3994.98419694 8.22692e-16
3997.16685156 8.30254e-16
3999.34950618 8.54903e-16
4001.5321608 8.05521e-16
4003.71481542 8.19913e-16
4005.89747004 8.70781e-16
4008.08012465 8.6144e-16
4010.26277927 8.39956e-16
4012.44543389 8.35031e-16
4014.62808851 8.36665e-16
4016.81074313 8.00538e-16
4018.99339775 8.10334e-16
4021.17605237 8.06546e-16
4023.35870699 7.9085e-16
4025.54136161 7.62657e-16
4027.72401623 7.53345e-16
4029.90667085 7.72533e-16
4032.08932547 7.62163e-16
4034.27198009 7.59304e-16
4036.4546347 7.62255e-16
4038.63728932 7.98083e-16
4040.81994394 8.54258e-16
4043.00259856 7.59026e-16
4045.18525318 7.45318e-16
4047.3679078 7.85826e-16
4049.55056242 7.85814e-16
4051.73321704 7.7296e-16
4053.91587166 7.68202e-16
4056.09852628 7.87137e-16
4058.2811809 8.22612e-16
4060.46383552 7.9227e-16
4062.64649014 7.75048e-16
4064.82914475 8.12078e-16
4067.01179937 7.90448e-16
4069.19445399 8.04892e-16
4071.37710861 8.00514e-16
4073.55976323 7.99863e-16
4075.74241785 8.12848e-16
4077.92507247 7.87818e-16
4080.10772709 7.65217e-16
4082.29038171 8.04446e-16
4084.47303633 8.02501e-16
4086.65569095 8.09118e-16
4088.83834557 8.29667e-16
4091.02100019 8.28792e-16
4093.2036548 7.66135e-16
4095.38630942 7.18615e-16
4097.56896404 7.76098e-16
4099.75161866 7.79933e-16
4101.93427328 8.0627e-16
4104.1169279 7.8403e-16
4106.29958252 7.42793e-16
4108.48223714 7.8365e-16
4110.66489176 8.1253e-16
4112.84754638 7.88315e-16
4115.030201 8.06826e-16
4117.21285562 7.7937e-16
4119.39551023 7.67491e-16
4121.57816485 7.31833e-16
4123.76081947 6.88816e-16
4125.94347409 7.05022e-16
4128.12612871 6.7385e-16
4130.30878333 6.43905e-16
4132.49143795 6.58643e-16
4134.67409257 6.8707e-16
4136.85674719 6.89667e-16
4139.03940181 7.18842e-16
4141.22205643 7.45126e-16
4143.40471105 7.3157e-16
4145.58736567 7.70983e-16
4147.77002028 8.05706e-16
4149.9526749 8.11278e-16
4152.13532952 7.91168e-16
4154.31798414 7.76271e-16
4156.50063876 7.54994e-16
4158.68329338 7.64448e-16
4160.865948 7.45763e-16
4163.04860262 7.26628e-16
4165.23125724 7.20752e-16
4167.41391186 7.21695e-16
4169.59656648 6.91289e-16
4171.7792211 7.21458e-16
4173.96187572 7.39782e-16
4176.14453033 7.55487e-16
4178.32718495 7.8708e-16
4180.50983957 7.85966e-16
4182.69249419 8.13788e-16
4184.87514881 7.96955e-16
4187.05780343 7.94277e-16
4189.24045805 8.18144e-16
4191.42311267 8.21218e-16
4193.60576729 8.19095e-16
4195.78842191 8.21507e-16
4197.97107653 8.03444e-16
4200.15373115 7.98707e-16
4202.33638577 7.89453e-16
4204.51904038 8.15997e-16
4206.701695 8.16473e-16
4208.88434962 7.71569e-16
4211.06700424 7.65371e-16
4213.24965886 7.9983e-16
4215.43231348 8.3902e-16
4217.6149681 8.4571e-16
4219.79762272 8.38665e-16
4221.98027734 8.36035e-16
4224.16293196 8.33473e-16
4226.34558658 8.23974e-16
4228.5282412 8.46867e-16
4230.71089581 8.65198e-16
4232.89355043 8.32781e-16
4235.07620505 8.28865e-16
4237.25885967 8.58138e-16
4239.44151429 8.57639e-16
4241.62416891 8.4384e-16
4243.80682353 8.38112e-16
4245.98947815 8.35551e-16
4248.17213277 8.17785e-16
4250.35478739 8.07734e-16
4252.53744201 8.37768e-16
4254.72009663 8.56755e-16
4256.90275125 8.25327e-16
4259.08540586 8.59698e-16
4261.26806048 8.32275e-16
4263.4507151 8.399e-16
4265.63336972 8.37321e-16
4267.81602434 8.43572e-16
4269.99867896 8.93397e-16
4272.18133358 8.61569e-16
4274.3639882 8.83317e-16
4276.54664282 8.6612e-16
4278.72929744 8.90379e-16
4280.91195206 8.82276e-16
4283.09460668 8.7214e-16
4285.2772613 9.15525e-16
4287.45991591 9.21002e-16
4289.64257053 9.59421e-16
4291.82522515 9.86539e-16
4294.00787977 9.68275e-16
4296.19053439 9.60224e-16
4298.37318901 9.57791e-16
4300.55584363 9.76541e-16
4302.73849825 9.51265e-16
4304.92115287 9.21297e-16
4307.10380749 9.46116e-16
4309.28646211 9.49024e-16
4311.46911673 9.53456e-16
4313.65177135 9.40152e-16
4315.83442596 9.26576e-16
4318.01708058 9.15673e-16
4320.1997352 9.23995e-16
4322.38238982 9.52452e-16
4324.56504444 8.97664e-16
4326.74769906 9.10367e-16
4328.93035368 9.27634e-16
4331.1130083 9.47513e-16
4333.29566292 9.39945e-16
4335.47831754 8.86215e-16
4337.66097216 8.92744e-16
4339.84362678 8.80463e-16
4342.02628139 8.83386e-16
4344.20893601 8.75694e-16
4346.39159063 8.89985e-16
4348.57424525 8.52275e-16
4350.75689987 8.66617e-16
4352.93955449 8.57831e-16
4355.12220911 8.38229e-16
4357.30486373 8.3695e-16
4359.48751835 8.08255e-16
4361.67017297 7.82213e-16
4363.85282759 8.21179e-16
4366.03548221 8.22883e-16
4368.21813683 8.40261e-16
4370.40079144 8.40111e-16
4372.58344606 8.10266e-16
4374.76610068 8.28196e-16
4376.9487553 8.24812e-16
4379.13140992 8.52319e-16
4381.31406454 8.44288e-16
4383.49671916 8.13909e-16
4385.67937378 7.68807e-16
4387.8620284 7.84389e-16
4390.04468302 8.17181e-16
4392.22733764 8.06196e-16
4394.40999226 8.20174e-16
4396.59264688 8.22179e-16
4398.77530149 8.24582e-16
4400.95795611 7.9791e-16
4403.14061073 7.9522e-16
4405.32326535 8.04453e-16
4407.50591997 7.50796e-16
4409.68857459 7.88825e-16
4411.87122921 7.82689e-16
4414.05388383 7.43814e-16
4416.23653845 7.80532e-16
4418.41919307 8.08949e-16
4420.60184769 7.93624e-16
4422.78450231 7.96819e-16
4424.96715693 7.6711e-16
4427.14981154 7.48586e-16
4429.33246616 8.0543e-16
4431.51512078 7.77964e-16
4433.6977754 7.52892e-16
4435.88043002 7.31438e-16
4438.06308464 7.0439e-16
4440.24573926 7.42862e-16
4442.42839388 7.33814e-16
4444.6110485 7.39277e-16
4446.79370312 7.93367e-16
4448.97635774 7.91925e-16
4451.15901236 7.8493e-16
4453.34166698 7.8547e-16
4455.52432159 7.76806e-16
4457.70697621 7.95588e-16
4459.88963083 7.98935e-16
4462.07228545 7.50751e-16
4464.25494007 7.51112e-16
4466.43759469 7.59175e-16
4468.62024931 7.92297e-16
4470.80290393 7.79415e-16
4472.98555855 7.47577e-16
4475.16821317 7.61984e-16
4477.35086779 7.71252e-16
4479.53352241 7.96413e-16
4481.71617702 8.09523e-16
4483.89883164 7.56542e-16
4486.08148626 7.57335e-16
4488.26414088 7.71012e-16
4490.4467955 7.77099e-16
4492.62945012 7.9625e-16
4494.81210474 7.9323e-16
4496.99475936 7.72343e-16
4499.17741398 7.87921e-16
4501.3600686 7.81917e-16
4503.54272322 7.77369e-16
4505.72537784 7.63358e-16
4507.90803246 7.78297e-16
4510.09068707 7.71548e-16
4512.27334169 7.35622e-16
4514.45599631 7.25121e-16
4516.63865093 7.33164e-16
4518.82130555 7.241e-16
4521.00396017 7.1839e-16
4523.18661479 7.45151e-16
4525.36926941 7.37796e-16
4527.55192403 7.65079e-16
4529.73457865 7.61355e-16
4531.91723327 7.9673e-16
4534.09988789 8.08471e-16
4536.28254251 8.56052e-16
4538.46519712 8.38471e-16
4540.64785174 8.17791e-16
4542.83050636 8.61875e-16
4545.01316098 8.48312e-16
4547.1958156 8.82352e-16
4549.37847022 9.58702e-16
4551.56112484 9.63411e-16
4553.74377946 9.45438e-16
4555.92643408 9.33384e-16
4558.1090887 9.09687e-16
4560.29174332 9.43408e-16
4562.47439794 9.34072e-16
4564.65705256 9.51033e-16
4566.83970717 9.22653e-16
4569.02236179 8.80001e-16
4571.20501641 8.66874e-16
4573.38767103 8.65831e-16
4575.57032565 8.80115e-16
4577.75298027 8.88728e-16
4579.93563489 9.17015e-16
4582.11828951 8.98549e-16
4584.30094413 8.78153e-16
4586.48359875 8.84763e-16
4588.66625337 8.43933e-16
4590.84890799 8.56024e-16
4593.0315626 8.54998e-16
4595.21421722 8.36055e-16
4597.39687184 8.70747e-16
4599.57952646 8.4195e-16
4601.76218108 7.6928e-16
4603.9448357 7.46093e-16
4606.12749032 7.55663e-16
4608.31014494 8.37117e-16
4610.49279956 8.03409e-16
4612.67545418 7.98489e-16
4614.8581088 8.06395e-16
4617.04076342 8.28901e-16
4619.22341804 8.11764e-16
4621.40607265 7.94508e-16
4623.58872727 7.76336e-16
4625.77138189 7.72097e-16
4627.95403651 7.83588e-16
4630.13669113 8.25557e-16
4632.31934575 8.15664e-16
4634.50200037 8.26431e-16
4636.68465499 8.37682e-16
4638.86730961 8.48994e-16
4641.04996423 8.58161e-16
4643.23261885 8.38764e-16
4645.41527347 8.27178e-16
4647.59792809 8.34416e-16
4649.7805827 8.55174e-16
4651.96323732 8.54252e-16
4654.14589194 8.11314e-16
4656.32854656 8.11014e-16
4658.51120118 8.35583e-16
4660.6938558 8.26403e-16
4662.87651042 8.0748e-16
4665.05916504 8.02188e-16
4667.24181966 8.14718e-16
4669.42447428 8.4536e-16
4671.6071289 8.80362e-16
4673.78978352 8.48483e-16
4675.97243814 8.26853e-16
4678.15509275 8.06936e-16
4680.33774737 7.92775e-16
4682.52040199 8.34935e-16
4684.70305661 8.38449e-16
4686.88571123 8.49733e-16
4689.06836585 8.6938e-16
4691.25102047 8.55478e-16
4693.43367509 8.57044e-16
4695.61632971 8.64216e-16
4697.79898433 8.63332e-16
4699.98163895 8.85699e-16
4702.16429357 8.66261e-16
4704.34694818 8.7083e-16
4706.5296028 8.67144e-16
4708.71225742 8.33723e-16
4710.89491204 8.68444e-16
4713.07756666 8.47691e-16
4715.26022128 8.06531e-16
4717.4428759 8.06228e-16
4719.62553052 8.16793e-16
4721.80818514 8.10634e-16
4723.99083976 8.26081e-16
4726.17349438 8.49283e-16
4728.356149 8.67761e-16
4730.53880362 8.64008e-16
4732.72145823 8.62971e-16
4734.90411285 8.53932e-16
4737.08676747 8.60696e-16
4739.26942209 9.01057e-16
4741.45207671 8.74776e-16
4743.63473133 8.38231e-16
4745.81738595 8.50408e-16
4748.00004057 8.643e-16
4750.18269519 8.40413e-16
4752.36534981 8.37516e-16
4754.54800443 7.99477e-16
4756.73065905 7.79063e-16
4758.91331367 7.96099e-16
4761.09596828 8.09583e-16
4763.2786229 8.27045e-16
4765.46127752 8.41003e-16
4767.64393214 8.09318e-16
4769.82658676 8.58718e-16
4772.00924138 8.66712e-16
4774.191896 8.24347e-16
4776.37455062 8.17931e-16
4778.55720524 8.01822e-16
4780.73985986 8.40089e-16
4782.92251448 8.48972e-16
4785.1051691 8.51829e-16
4787.28782372 8.26923e-16
4789.47047833 8.29587e-16
4791.65313295 8.33508e-16
4793.83578757 8.24063e-16
4796.01844219 8.33809e-16
4798.20109681 8.13549e-16
4800.38375143 8.25647e-16
4802.56640605 8.5736e-16
4804.74906067 8.63152e-16
4806.93171529 8.3584e-16
4809.11436991 8.07715e-16
4811.29702453 8.23907e-16
4813.47967915 8.61145e-16
4815.66233377 8.46831e-16
4817.84498838 8.12644e-16
4820.027643 8.54079e-16
4822.21029762 8.49229e-16
4824.39295224 8.6423e-16
4826.57560686 8.43324e-16
4828.75826148 8.1898e-16
4830.9409161 8.23168e-16
4833.12357072 8.4716e-16
4835.30622534 8.44227e-16
4837.48887996 8.54662e-16
4839.67153458 8.4675e-16
4841.8541892 8.96412e-16
4844.03684381 8.78121e-16
4846.21949843 8.9607e-16
4848.40215305 9.17305e-16
4850.58480767 8.86437e-16
4852.76746229 8.80343e-16
4854.95011691 8.56541e-16
4857.13277153 8.93832e-16
4859.31542615 9.13078e-16
4861.49808077 9.59521e-16
4863.68073539 9.56521e-16
4865.86339001 9.31867e-16
4868.04604463 9.07402e-16
4870.22869925 9.17214e-16
4872.41135386 9.23668e-16
4874.59400848 9.15049e-16
4876.7766631 9.227e-16
4878.95931772 8.98086e-16
4881.14197234 8.69222e-16
4883.32462696 8.64101e-16
4885.50728158 8.85006e-16
4887.6899362 9.47666e-16
4889.87259082 9.33801e-16
4892.05524544 9.34881e-16
4894.23790006 9.50007e-16
4896.42055468 9.37927e-16
4898.6032093 9.37212e-16
4900.78586391 9.15136e-16
4902.96851853 9.19582e-16
4905.15117315 9.3402e-16
4907.33382777 9.42292e-16
4909.51648239 9.33966e-16
4911.69913701 9.36288e-16
4913.88179163 9.30508e-16
4916.06444625 9.64463e-16
4918.24710087 9.14545e-16
4920.42975549 9.0061e-16
4922.61241011 9.18784e-16
4924.79506473 9.08782e-16
4926.97771935 9.0358e-16
4929.16037396 9.29963e-16
4931.34302858 9.12193e-16
4933.5256832 8.72892e-16
4935.70833782 8.66554e-16
4937.89099244 8.78226e-16
4940.07364706 8.54602e-16
4942.25630168 8.5018e-16
4944.4389563 8.53193e-16
4946.62161092 8.73955e-16
4948.80426554 8.62447e-16
4950.98692016 8.43723e-16
4953.16957478 8.63984e-16
4955.35222939 9.10812e-16
4957.53488401 9.08227e-16
4959.71753863 8.70757e-16
4961.90019325 8.51466e-16
4964.08284787 8.27313e-16
4966.26550249 8.22193e-16
4968.44815711 8.09775e-16
4970.63081173 8.33649e-16
4972.81346635 8.39361e-16
4974.99612097 8.34683e-16
4977.17877559 8.65523e-16
4979.36143021 8.41243e-16
4981.54408483 8.36673e-16
4983.72673944 8.52386e-16
4985.90939406 8.40342e-16
4988.09204868 8.41391e-16
4990.2747033 8.2713e-16
4992.45735792 8.21148e-16
4994.64001254 8.42101e-16
4996.82266716 8.5065e-16
4999.00532178 8.45347e-16
5001.1879764 8.12923e-16
5003.37063102 7.92148e-16
5005.55328564 8.02105e-16
5007.73594026 8.04856e-16
5009.91859488 8.06163e-16
5012.10124949 8.23807e-16
5014.28390411 8.29908e-16
5016.46655873 8.20753e-16
5018.64921335 8.00965e-16
5020.83186797 8.19993e-16
5023.01452259 8.13832e-16
5025.19717721 8.05904e-16
5027.37983183 8.0647e-16
5029.56248645 8.26789e-16
5031.74514107 8.47756e-16
5033.92779569 8.40212e-16
5036.11045031 8.66715e-16
5038.29310493 8.43363e-16
5040.47575954 8.29225e-16
5042.65841416 8.70553e-16
5044.84106878 8.32501e-16
5047.0237234 8.3018e-16
5049.20637802 8.63118e-16
5051.38903264 8.15253e-16
5053.57168726 8.05063e-16
5055.75434188 8.62631e-16
5057.9369965 8.50306e-16
5060.11965112 8.61352e-16
5062.30230574 8.97856e-16
5064.48496036 8.60477e-16
5066.66761497 8.15933e-16
5068.85026959 8.08861e-16
5071.03292421 8.53414e-16
5073.21557883 8.65727e-16
5075.39823345 8.5537e-16
5077.58088807 8.7311e-16
5079.76354269 8.59319e-16
5081.94619731 8.64139e-16
5084.12885193 8.73056e-16
5086.31150655 8.70776e-16
5088.49416117 8.76812e-16
5090.67681579 9.41412e-16
5092.85947041 1.04591e-15
5095.04212502 1.08255e-15
5097.22477964 1.10205e-15
5099.40743426 1.11598e-15
5101.59008888 1.07361e-15
5103.7727435 1.12614e-15
5105.95539812 1.09053e-15
5108.13805274 1.09326e-15
5110.32070736 1.08633e-15
5112.50336198 1.08961e-15
5114.6860166 9.92458e-16
5116.86867122 9.11743e-16
5119.05132584 8.96242e-16
5121.23398046 8.54735e-16
5123.41663507 8.63111e-16
5125.59928969 8.64056e-16
5127.78194431 8.72581e-16
5129.96459893 8.65956e-16
5132.14725355 8.2722e-16
5134.32990817 8.0461e-16
5136.51256279 8.28595e-16
5138.69521741 8.50374e-16
5140.87787203 8.82988e-16
5143.06052665 8.55436e-16
5145.24318127 8.48063e-16
5147.42583589 8.26492e-16
5149.60849051 8.01168e-16
5151.79114512 8.23962e-16
5153.97379974 7.93897e-16
5156.15645436 7.80025e-16
5158.33910898 8.24321e-16
5160.5217636 8.27974e-16
5162.70441822 7.79401e-16
5164.88707284 7.97211e-16
5167.06972746 7.83466e-16
5169.25238208 7.78084e-16
5171.4350367 7.52359e-16
5173.61769132 7.98134e-16
5175.80034594 8.28587e-16
5177.98300056 8.28296e-16
5180.16565517 7.83461e-16
5182.34830979 7.88299e-16
5184.53096441 7.66416e-16
5186.71361903 7.8297e-16
5188.89627365 8.16388e-16
5191.07892827 8.13633e-16
5193.26158289 8.07172e-16
5195.44423751 8.10169e-16
5197.62689213 8.05151e-16
5199.80954675 8.28387e-16
5201.99220137 7.99261e-16
5204.17485599 8.12188e-16
5206.3575106 8.17344e-16
5208.54016522 8.30499e-16
5210.72281984 8.37825e-16
5212.90547446 7.88596e-16
5215.08812908 7.83779e-16
5217.2707837 7.88173e-16
5219.45343832 7.6645e-16
5221.63609294 7.74788e-16
5223.81874756 8.21776e-16
5226.00140218 7.8495e-16
5228.1840568 7.57034e-16
5230.36671142 7.1514e-16
5232.54936604 6.94034e-16
5234.73202065 7.27507e-16
5236.91467527 7.7041e-16
5239.09732989 7.65402e-16
5241.27998451 7.66287e-16
5243.46263913 7.44374e-16
5245.64529375 7.64875e-16
5247.82794837 7.45757e-16
5250.01060299 7.96466e-16
5252.19325761 8.03351e-16
5254.37591223 7.83529e-16
5256.55856685 8.09604e-16
5258.74122147 7.98037e-16
5260.92387609 7.79094e-16
5263.1065307 7.75586e-16
5265.28918532 7.14965e-16
5267.47183994 7.17843e-16
5269.65449456 7.39284e-16
5271.83714918 7.10287e-16
5274.0198038 7.41859e-16
5276.20245842 7.44753e-16
5278.38511304 7.38953e-16
5280.56776766 7.40613e-16
5282.75042228 7.37626e-16
5284.9330769 7.63381e-16
5287.11573152 7.52601e-16
5289.29838614 7.39584e-16
5291.48104075 7.31944e-16
5293.66369537 7.26547e-16
5295.84634999 7.32646e-16
5298.02900461 7.77929e-16
5300.21165923 7.4403e-16
5302.39431385 7.37639e-16
5304.57696847 7.63065e-16
5306.75962309 7.51663e-16
5308.94227771 7.69957e-16
5311.12493233 7.70395e-16
5313.30758695 7.65256e-16
5315.49024157 7.49451e-16
5317.67289618 7.3046e-16
5319.8555508 7.25051e-16
5322.03820542 7.56056e-16
5324.22086004 7.48011e-16
5326.40351466 7.6163e-16
5328.58616928 7.59724e-16
5330.7688239 7.29183e-16
5332.95147852 7.16165e-16
5335.13413314 7.17324e-16
5337.31678776 7.40713e-16
5339.49944238 7.40854e-16
5341.682097 7.53784e-16
5343.86475162 7.78416e-16
5346.04740623 7.73212e-16
5348.23006085 7.54711e-16
5350.41271547 7.49996e-16
5352.59537009 7.58496e-16
5354.77802471 7.56157e-16
5356.96067933 7.40633e-16
5359.14333395 7.59792e-16
5361.32598857 7.58775e-16
5363.50864319 7.18196e-16
5365.69129781 7.20714e-16
5367.87395243 7.24638e-16
5370.05660705 7.48379e-16
5372.23926167 7.89412e-16
5374.42191628 7.76012e-16
5376.6045709 7.61684e-16
5378.78722552 7.75405e-16
5380.96988014 7.33191e-16
5383.15253476 7.28496e-16
5385.33518938 7.30306e-16
5387.517844 7.29848e-16
5389.70049862 7.30251e-16
5391.88315324 7.45387e-16
5394.06580786 7.38269e-16
5396.24846248 7.16141e-16
5398.4311171 7.20406e-16
5400.61377172 7.28618e-16
5402.79642633 7.35181e-16
5404.97908095 7.56295e-16
5407.16173557 7.27145e-16
5409.34439019 7.25425e-16
5411.52704481 7.58472e-16
5413.70969943 7.4946e-16
5415.89235405 7.61013e-16
5418.07500867 7.72718e-16
5420.25766329 7.40605e-16
5422.44031791 6.92624e-16
5424.62297253 6.84496e-16
5426.80562715 6.76728e-16
5428.98828176 6.80175e-16
5431.17093638 6.69765e-16
5433.353591 6.99562e-16
5435.53624562 7.13864e-16
5437.71890024 7.32796e-16
5439.90155486 7.19372e-16
5442.08420948 6.8665e-16
5444.2668641 7.00206e-16
5446.44951872 7.0339e-16
5448.63217334 7.13532e-16
5450.81482796 7.38795e-16
5452.99748258 7.14256e-16
5455.1801372 7.11841e-16
5457.36279181 7.43341e-16
5459.54544643 7.80133e-16
5461.72810105 7.80046e-16
5463.91075567 7.38683e-16
5466.09341029 7.33224e-16
5468.27606491 7.14569e-16
5470.45871953 6.98768e-16
5472.64137415 7.46968e-16
5474.82402877 7.59452e-16
5477.00668339 7.49254e-16
5479.18933801 7.63667e-16
5481.37199263 7.81937e-16
5483.55464725 7.59502e-16
5485.73730186 7.40328e-16
5487.91995648 7.41866e-16
5490.1026111 7.38764e-16
5492.28526572 7.33666e-16
5494.46792034 7.76967e-16
5496.65057496 7.79163e-16
5498.83322958 7.82225e-16
5501.0158842 7.6354e-16
5503.19853882 7.82291e-16
5505.38119344 8.02425e-16
5507.56384806 8.00375e-16
5509.74650268 7.8462e-16
5511.9291573 7.5479e-16
5514.11181191 7.61761e-16
5516.29446653 7.61972e-16
5518.47712115 7.48571e-16
5520.65977577 7.73588e-16
5522.84243039 7.63612e-16
5525.02508501 7.52538e-16
5527.20773963 7.54491e-16
5529.39039425 7.24471e-16
5531.57304887 7.11864e-16
5533.75570349 6.93576e-16
5535.93835811 7.47305e-16
5538.12101273 7.46948e-16
5540.30366735 7.32932e-16
5542.48632196 7.81369e-16
5544.66897658 8.01151e-16
5546.8516312 7.84233e-16
5549.03428582 8.02004e-16
5551.21694044 7.99787e-16
5553.39959506 8.26819e-16
5555.58224968 7.99296e-16
5557.7649043 7.94945e-16
5559.94755892 7.99633e-16
5562.13021354 7.42504e-16
5564.31286816 7.4899e-16
5566.49552278 7.74932e-16
5568.67817739 7.88125e-16
5570.86083201 7.44832e-16
5573.04348663 7.89616e-16
5575.22614125 8.55711e-16
5577.40879587 8.31962e-16
5579.59145049 8.78628e-16
5581.77410511 8.27718e-16
5583.95675973 7.9937e-16
5586.13941435 7.73657e-16
5588.32206897 7.7251e-16
5590.50472359 7.51726e-16
5592.68737821 7.47134e-16
5594.87003283 7.13537e-16
5597.05268744 7.53385e-16
5599.23534206 8.00167e-16
5601.41799668 7.6007e-16
5603.6006513 7.514e-16
5605.78330592 7.84378e-16
5607.96596054 7.88386e-16
5610.14861516 7.62706e-16
5612.33126978 7.43247e-16
5614.5139244 7.68511e-16
5616.69657902 7.81239e-16
5618.87923364 7.9824e-16
5621.06188826 7.50252e-16
5623.24454288 7.61593e-16
5625.42719749 8.08168e-16
5627.60985211 7.94088e-16
5629.79250673 8.09056e-16
5631.97516135 7.9823e-16
5634.15781597 7.63137e-16
5636.34047059 7.43581e-16
5638.52312521 7.50022e-16
5640.70577983 7.51839e-16
5642.88843445 7.67552e-16
5645.07108907 7.74825e-16
5647.25374369 7.77975e-16
5649.43639831 7.9112e-16
5651.61905293 7.98547e-16
5653.80170754 7.89453e-16
5655.98436216 7.80596e-16
5658.16701678 7.59217e-16
5660.3496714 7.58881e-16
5662.53232602 7.22716e-16
5664.71498064 7.47335e-16
5666.89763526 7.4116e-16
5669.08028988 7.51964e-16
5671.2629445 7.51937e-16
5673.44559912 7.67801e-16
5675.62825374 7.35514e-16
5677.81090836 7.39896e-16
5679.99356297 7.57217e-16
5682.17621759 7.56332e-16
5684.35887221 7.63137e-16
5686.54152683 7.33236e-16
5688.72418145 7.44681e-16
5690.90683607 7.63061e-16
5693.08949069 7.69023e-16
5695.27214531 7.82979e-16
5697.45479993 7.73765e-16
5699.63745455 7.50735e-16
5701.82010917 7.6537e-16
5704.00276379 7.13518e-16
5706.18541841 7.32624e-16
5708.36807302 7.43553e-16
5710.55072764 7.69761e-16
5712.73338226 7.72122e-16
5714.91603688 7.58159e-16
5717.0986915 7.65277e-16
5719.28134612 7.42807e-16
5721.46400074 7.20176e-16
5723.64665536 7.36412e-16
5725.82930998 7.09481e-16
5728.0119646 7.29618e-16
5730.19461922 7.42161e-16
5732.37727384 7.37986e-16
5734.55992846 7.11809e-16
5736.74258307 7.33577e-16
5738.92523769 7.44249e-16
5741.10789231 7.2858e-16
5743.29054693 7.32835e-16
5745.47320155 7.10073e-16
5747.65585617 7.19852e-16
5749.83851079 7.02641e-16
5752.02116541 6.9627e-16
5754.20382003 7.07039e-16
5756.38647465 7.41556e-16
5758.56912927 7.58521e-16
5760.75178389 7.29743e-16
5762.93443851 7.21061e-16
5765.11709312 7.23631e-16
5767.29974774 7.32282e-16
5769.48240236 7.40471e-16
5771.66505698 7.41364e-16
5773.8477116 7.44519e-16
5776.03036622 7.21048e-16
5778.21302084 7.14601e-16
5780.39567546 7.23485e-16
5782.57833008 7.13433e-16
5784.7609847 7.29616e-16
5786.94363932 7.08757e-16
5789.12629394 7.49487e-16
5791.30894855 7.12913e-16
5793.49160317 7.23478e-16
5795.67425779 7.54841e-16
5797.85691241 7.44148e-16
5800.03956703 7.54692e-16
5802.22222165 7.15521e-16
5804.40487627 7.05819e-16
5806.58753089 6.98847e-16
5808.77018551 7.15376e-16
5810.95284013 7.41183e-16
5813.13549475 7.45294e-16
5815.31814937 7.1464e-16
5817.50080399 7.26874e-16
5819.6834586 7.23835e-16
5821.86611322 7.25334e-16
5824.04876784 7.37401e-16
5826.23142246 7.76169e-16
5828.41407708 7.59707e-16
5830.5967317 7.3467e-16
5832.77938632 7.70289e-16
5834.96204094 7.3814e-16
5837.14469556 7.19015e-16
5839.32735018 7.45653e-16
5841.5100048 7.40187e-16
5843.69265942 7.27022e-16
5845.87531404 7.21062e-16
5848.05796865 7.27416e-16
5850.24062327 7.24708e-16
5852.42327789 7.2172e-16
5854.60593251 7.33665e-16
5856.78858713 7.60681e-16
5858.97124175 7.45213e-16
5861.15389637 7.19083e-16
5863.33655099 7.16558e-16
5865.51920561 6.98113e-16
5867.70186023 6.83798e-16
5869.88451485 7.31926e-16
5872.06716947 7.34106e-16
5874.24982409 7.04135e-16
5876.4324787 7.08577e-16
5878.61513332 7.28511e-16
5880.79778794 7.21213e-16
5882.98044256 6.93954e-16
5885.16309718 6.44618e-16
5887.3457518 6.4371e-16
5889.52840642 6.51817e-16
5891.71106104 6.82948e-16
5893.89371566 6.65682e-16
5896.07637028 6.69123e-16
5898.2590249 6.94519e-16
5900.44167952 6.98822e-16
5902.62433414 7.26618e-16
5904.80698875 7.36878e-16
5906.98964337 7.37707e-16
5909.17229799 7.11913e-16
5911.35495261 7.3466e-16
5913.53760723 7.45928e-16
5915.72026185 7.14827e-16
5917.90291647 7.24324e-16
5920.08557109 7.10191e-16
5922.26822571 7.24473e-16
5924.45088033 7.31637e-16
5926.63353495 7.24211e-16
5928.81618957 7.37634e-16
5930.99884418 7.5019e-16
5933.1814988 7.32622e-16
5935.36415342 7.4685e-16
5937.54680804 7.10169e-16
5939.72946266 6.85614e-16
5941.91211728 7.00061e-16
5944.0947719 7.02462e-16
5946.27742652 7.00639e-16
5948.46008114 7.04611e-16
5950.64273576 7.31665e-16
5952.82539038 7.27758e-16
5955.008045 7.30111e-16
5957.19069962 7.14819e-16
5959.37335423 7.12806e-16
5961.55600885 7.38737e-16
5963.73866347 7.48718e-16
5965.92131809 7.50231e-16
5968.10397271 7.15379e-16
5970.28662733 6.88225e-16
5972.46928195 6.9536e-16
5974.65193657 7.2134e-16
5976.83459119 7.39302e-16
5979.01724581 7.2015e-16
5981.19990043 7.35323e-16
5983.38255505 7.32231e-16
5985.56520967 7.28304e-16
5987.74786428 7.2571e-16
5989.9305189 6.95886e-16
5992.11317352 7.12308e-16
5994.29582814 7.31604e-16
5996.47848276 7.22343e-16
5998.66113738 7.32015e-16
6000.843792 7.59449e-16
6003.02644662 7.72085e-16
6005.20910124 7.84239e-16
6007.39175586 7.80766e-16
6009.57441048 7.84289e-16
6011.7570651 7.41527e-16
6013.93971972 7.43261e-16
6016.12237433 7.43274e-16
6018.30502895 7.47331e-16
6020.48768357 7.76671e-16
6022.67033819 7.70749e-16
6024.85299281 7.62742e-16
6027.03564743 7.36704e-16
6029.21830205 7.39279e-16
6031.40095667 7.31542e-16
6033.58361129 7.46837e-16
6035.76626591 7.34146e-16
6037.94892053 7.04264e-16
6040.13157515 7.20203e-16
6042.31422976 7.06703e-16
6044.49688438 7.44358e-16
6046.679539 7.53279e-16
6048.86219362 7.11486e-16
6051.04484824 7.32223e-16
6053.22750286 7.29444e-16
6055.41015748 7.26492e-16
6057.5928121 7.08304e-16
6059.77546672 7.12514e-16
6061.95812134 7.70554e-16
6064.14077596 7.55827e-16
6066.32343058 7.40586e-16
6068.5060852 7.29212e-16
6070.68873981 7.03012e-16
6072.87139443 7.15237e-16
6075.05404905 7.13909e-16
6077.23670367 7.1548e-16
6079.41935829 7.23814e-16
6081.60201291 6.92341e-16
6083.78466753 7.33963e-16
6085.96732215 7.64413e-16
6088.14997677 7.74298e-16
6090.33263139 7.71663e-16
6092.51528601 7.5488e-16
6094.69794063 7.46264e-16
6096.88059525 7.45961e-16
6099.06324986 7.72011e-16
6101.24590448 7.77777e-16
6103.4285591 7.27021e-16
6105.61121372 7.19729e-16
6107.79386834 7.1217e-16
6109.97652296 7.44051e-16
6112.15917758 7.66514e-16
6114.3418322 7.6987e-16
6116.52448682 7.38039e-16
6118.70714144 7.21216e-16
6120.88979606 7.37859e-16
6123.07245068 7.44905e-16
6125.2551053 7.70797e-16
6127.43775991 7.40163e-16
6129.62041453 7.3486e-16
6131.80306915 7.32269e-16
6133.98572377 7.39375e-16
6136.16837839 7.33997e-16
6138.35103301 7.32082e-16
6140.53368763 7.71853e-16
6142.71634225 7.65915e-16
6144.89899687 7.58495e-16
6147.08165149 7.46056e-16
6149.26430611 7.24092e-16
6151.44696073 7.09466e-16
6153.62961534 7.39041e-16
6155.81226996 7.51659e-16
6157.99492458 7.33206e-16
6160.1775792 7.39944e-16
6162.36023382 7.40115e-16
6164.54288844 7.64273e-16
6166.72554306 7.8918e-16
6168.90819768 7.53524e-16
6171.0908523 7.77939e-16
6173.27350692 7.63244e-16
6175.45616154 7.4339e-16
6177.63881616 7.51088e-16
6179.82147078 7.16264e-16
6182.00412539 6.78719e-16
6184.18678001 6.84044e-16
6186.36943463 6.86654e-16
6188.55208925 6.4268e-16
6190.73474387 6.59921e-16
6192.91739849 6.89742e-16
6195.10005311 6.8312e-16
6197.28270773 6.96008e-16
6199.46536235 6.76016e-16
6201.64801697 6.96334e-16
6203.83067159 7.23363e-16
6206.01332621 7.20982e-16
6208.19598083 7.15786e-16
6210.37863544 7.06675e-16
6212.56129006 6.96385e-16
6214.74394468 7.13083e-16
6216.9265993 7.41131e-16
6219.10925392 7.12921e-16
6221.29190854 7.05616e-16
6223.47456316 7.05356e-16
6225.65721778 7.09344e-16
6227.8398724 6.86237e-16
6230.02252702 6.73401e-16
6232.20518164 6.94986e-16
6234.38783626 7.12905e-16
6236.57049088 6.90202e-16
6238.75314549 6.97157e-16
6240.93580011 7.28179e-16
6243.11845473 7.04622e-16
6245.30110935 7.19838e-16
6247.48376397 7.42819e-16
6249.66641859 7.09855e-16
6251.84907321 7.11212e-16
6254.03172783 7.13023e-16
6256.21438245 7.21306e-16
6258.39703707 7.01515e-16
6260.57969169 6.88158e-16
6262.76234631 7.02185e-16
6264.94500093 6.96653e-16
6267.12765554 7.08749e-16
6269.31031016 7.17761e-16
6271.49296478 7.09536e-16
6273.6756194 6.91381e-16
6275.85827402 6.58893e-16
6278.04092864 6.34402e-16
6280.22358326 6.4644e-16
6282.40623788 6.47992e-16
6284.5888925 6.69288e-16
6286.77154712 6.54916e-16
6288.95420174 6.94065e-16
6291.13685636 6.8923e-16
6293.31951097 6.70143e-16
6295.50216559 6.88371e-16
6297.68482021 6.68237e-16
6299.86747483 6.55631e-16
6302.05012945 6.95211e-16
6304.23278407 6.95846e-16
6306.41543869 6.81345e-16
6308.59809331 6.54702e-16
6310.78074793 6.73457e-16
6312.96340255 6.69607e-16
6315.14605717 6.60474e-16
6317.32871179 6.71782e-16
6319.51136641 6.61708e-16
6321.69402102 6.6783e-16
6323.87667564 6.59261e-16
6326.05933026 6.55629e-16
6328.24198488 6.68872e-16
6330.4246395 7.02004e-16
6332.60729412 7.05905e-16
6334.78994874 6.71892e-16
6336.97260336 6.60983e-16
6339.15525798 7.08683e-16
6341.3379126 6.86877e-16
6343.52056722 7.06777e-16
6345.70322184 7.13796e-16
6347.88587646 6.76483e-16
6350.06853107 6.91514e-16
6352.25118569 6.62538e-16
6354.43384031 6.87839e-16
6356.61649493 7.00735e-16
6358.79914955 6.86398e-16
6360.98180417 6.83954e-16
6363.16445879 6.766e-16
6365.34711341 6.96866e-16
6367.52976803 7.00778e-16
6369.71242265 6.73222e-16
6371.89507727 6.65373e-16
6374.07773189 6.93215e-16
6376.26038651 6.98869e-16
6378.44304112 6.98433e-16
6380.62569574 6.69803e-16
6382.80835036 6.89027e-16
6384.99100498 7.04911e-16
6387.1736596 6.89019e-16
6389.35631422 7.07448e-16
6391.53896884 6.90863e-16
6393.72162346 6.94935e-16
6395.90427808 7.03398e-16
6398.0869327 6.9006e-16
6400.26958732 6.97962e-16
6402.45224194 6.64803e-16
6404.63489655 6.69152e-16
6406.81755117 6.75234e-16
6409.00020579 6.85627e-16
6411.18286041 6.93289e-16
6413.36551503 6.84758e-16
6415.54816965 6.49616e-16
6417.73082427 6.96088e-16
6419.91347889 6.87435e-16
6422.09613351 6.67557e-16
6424.27878813 6.7053e-16
6426.46144275 6.82312e-16
6428.64409737 6.69517e-16
6430.82675199 6.38819e-16
6433.0094066 6.50212e-16
6435.19206122 6.4623e-16
6437.37471584 6.54996e-16
6439.55737046 6.87529e-16
6441.74002508 6.52349e-16
6443.9226797 6.80119e-16
6446.10533432 6.804e-16
6448.28798894 6.66588e-16
6450.47064356 6.56258e-16
6452.65329818 6.53127e-16
6454.8359528 6.87045e-16
6457.01860742 6.80659e-16
6459.20126204 6.62212e-16
6461.38391665 6.85001e-16
6463.56657127 6.78015e-16
6465.74922589 6.29641e-16
6467.93188051 6.23014e-16
6470.11453513 6.34217e-16
6472.29718975 6.27802e-16
6474.47984437 6.07613e-16
6476.66249899 6.2263e-16
6478.84515361 6.18378e-16
6481.02780823 6.4853e-16
6483.21046285 6.6405e-16
6485.39311747 6.45711e-16
6487.57577209 6.74026e-16
6489.7584267 6.32211e-16
6491.94108132 6.47568e-16
6494.12373594 6.66212e-16
6496.30639056 6.5534e-16
6498.48904518 6.5547e-16
6500.6716998 6.72329e-16
6502.85435442 6.81968e-16
6505.03700904 6.698e-16
6507.21966366 6.72201e-16
6509.40231828 6.95219e-16
6511.5849729 6.46441e-16
6513.76762752 6.70959e-16
6515.95028213 6.51281e-16
6518.13293675 6.51499e-16
6520.31559137 6.68835e-16
6522.49824599 6.43871e-16
6524.68090061 6.44204e-16
6526.86355523 6.50383e-16
6529.04620985 6.68147e-16
6531.22886447 6.39827e-16
6533.41151909 6.39748e-16
6535.59417371 6.17966e-16
6537.77682833 6.55458e-16
6539.95948295 6.17464e-16
6542.14213757 6.24589e-16
6544.32479218 6.20002e-16
6546.5074468 6.19002e-16
6548.69010142 6.3985e-16
6550.87275604 6.68968e-16
6553.05541066 6.50883e-16
6555.23806528 6.23518e-16
6557.4207199 6.34955e-16
6559.60337452 6.33252e-16
6561.78602914 6.51206e-16
6563.96868376 6.54617e-16
6566.15133838 6.39628e-16
6568.333993 6.00716e-16
6570.51664762 6.41178e-16
6572.69930223 6.26229e-16
6574.88195685 6.48307e-16
6577.06461147 6.26669e-16
6579.24726609 6.4161e-16
6581.42992071 6.36521e-16
6583.61257533 6.59671e-16
6585.79522995 6.52093e-16
6587.97788457 6.51111e-16
6590.16053919 6.85145e-16
6592.34319381 6.75285e-16
6594.52584843 6.3395e-16
6596.70850305 6.52633e-16
6598.89115767 6.53241e-16
6601.07381228 6.71997e-16
6603.2564669 6.81181e-16
6605.43912152 6.87895e-16
6607.62177614 6.57317e-16
6609.80443076 6.44552e-16
6611.98708538 6.62556e-16
6614.16974 6.74417e-16
6616.35239462 6.91888e-16
6618.53504924 6.53018e-16
6620.71770386 6.67733e-16
6622.90035848 6.774e-16
6625.0830131 6.80544e-16
6627.26566772 6.62614e-16
6629.44832233 6.35439e-16
6631.63097695 6.34342e-16
6633.81363157 6.40808e-16
6635.99628619 6.53856e-16
6638.17894081 6.53737e-16
6640.36159543 6.38669e-16
6642.54425005 6.90818e-16
6644.72690467 6.9469e-16
6646.90955929 6.70777e-16
6649.09221391 6.6582e-16
6651.27486853 6.47184e-16
6653.45752315 6.19224e-16
6655.64017776 6.41183e-16
6657.82283238 6.53329e-16
6660.005487 6.59079e-16
6662.18814162 6.51212e-16
6664.37079624 6.68519e-16
6666.55345086 6.84406e-16
6668.73610548 6.62824e-16
6670.9187601 6.73253e-16
6673.10141472 6.67695e-16
6675.28406934 6.49613e-16
6677.46672396 6.4084e-16
6679.64937858 6.70311e-16
6681.8320332 6.65418e-16
6684.01468781 6.55701e-16
6686.19734243 6.62237e-16
6688.37999705 7.02049e-16
6690.56265167 7.18946e-16
6692.74530629 6.97747e-16
6694.92796091 6.86622e-16
6697.11061553 6.70616e-16
6699.29327015 6.74254e-16
6701.47592477 6.64082e-16
6703.65857939 6.67214e-16
6705.84123401 6.65796e-16
6708.02388863 6.79832e-16
6710.20654325 6.72679e-16
6712.38919786 6.71096e-16
6714.57185248 6.60304e-16
6716.7545071 6.75026e-16
6718.93716172 6.82181e-16
6721.11981634 6.88957e-16
6723.30247096 6.77698e-16
6725.48512558 6.61089e-16
6727.6677802 6.53206e-16
6729.85043482 6.79133e-16
6732.03308944 6.54378e-16
6734.21574406 6.62275e-16
6736.39839868 6.70395e-16
6738.5810533 6.49349e-16
6740.76370791 6.86076e-16
6742.94636253 6.87012e-16
6745.12901715 6.62982e-16
6747.31167177 6.37268e-16
6749.49432639 6.41789e-16
6751.67698101 6.76985e-16
6753.85963563 6.90164e-16
6756.04229025 6.73917e-16
6758.22494487 6.72837e-16
6760.40759949 6.65972e-16
6762.59025411 6.86677e-16
6764.77290873 6.87864e-16
6766.95556334 6.95725e-16
6769.13821796 7.1469e-16
6771.32087258 6.81733e-16
6773.5035272 6.81518e-16
6775.68618182 6.96967e-16
6777.86883644 6.99253e-16
6780.05149106 7.07148e-16
6782.23414568 7.04003e-16
6784.4168003 7.2375e-16
6786.59945492 7.07623e-16
6788.78210954 7.13938e-16
6790.96476416 7.26323e-16
6793.14741878 6.87334e-16
6795.33007339 7.01321e-16
6797.51272801 7.33108e-16
6799.69538263 7.0903e-16
6801.87803725 7.03854e-16
6804.06069187 7.45596e-16
6806.24334649 7.20787e-16
6808.42600111 7.02537e-16
6810.60865573 7.28111e-16
6812.79131035 7.22011e-16
6814.97396497 7.15728e-16
6817.15661959 7.25976e-16
6819.33927421 7.15114e-16
6821.52192883 6.73045e-16
6823.70458344 6.86112e-16
6825.88723806 7.31997e-16
6828.06989268 7.34009e-16
6830.2525473 7.56347e-16
6832.43520192 7.89759e-16
6834.61785654 7.5627e-16
6836.80051116 7.45407e-16
6838.98316578 7.47465e-16
6841.1658204 7.36802e-16
6843.34847502 7.55306e-16
6845.53112964 7.60134e-16
6847.71378426 7.86511e-16
6849.89643888 8.1118e-16
6852.07909349 7.86048e-16
6854.26174811 7.90377e-16
6856.44440273 7.78056e-16
6858.62705735 7.86637e-16
6860.80971197 8.11877e-16
6862.99236659 8.21043e-16
6865.17502121 7.60103e-16
6867.35767583 7.12406e-16
6869.54033045 6.72486e-16
6871.72298507 7.56839e-16
6873.90563969 8.98101e-16
6876.08829431 1.05645e-15
6878.27094892 1.30144e-15
6880.45360354 1.45434e-15
6882.63625816 1.55027e-15
6884.81891278 1.36518e-15
6887.0015674 1.17084e-15
6889.18422202 1.51893e-15
6891.36687664 1.32196e-15
6893.54953126 1.38517e-15
6895.73218588 1.12235e-15
6897.9148405 1.08421e-15
6900.09749512 1.12827e-15
6902.28014974 1.49136e-15
6904.46280436 1.16511e-15
6906.64545897 1.1907e-15
6908.82811359 1.151e-15
6911.01076821 1.07632e-15
6913.19342283 1.02211e-15
6915.37607745 9.4972e-16
6917.55873207 8.94511e-16
6919.74138669 8.09418e-16
6921.92404131 8.25407e-16
6924.10669593 7.75911e-16
6926.28935055 7.48562e-16
6928.47200517 7.58409e-16
6930.65465979 7.6925e-16
6932.83731441 7.65715e-16
6935.01996902 7.14491e-16
6937.20262364 7.52806e-16
6939.38527826 7.67319e-16
6941.56793288 7.19813e-16
6943.7505875 7.6996e-16
6945.93324212 7.42722e-16
6948.11589674 7.47808e-16
6950.29855136 7.27294e-16
6952.48120598 7.26008e-16
6954.6638606 7.16728e-16
6956.84651522 7.22835e-16
6959.02916984 6.93382e-16
6961.21182446 6.86373e-16
6963.39447907 7.51036e-16
6965.57713369 7.27948e-16
6967.75978831 7.07502e-16
6969.94244293 7.22658e-16
6972.12509755 6.94021e-16
6974.30775217 6.6774e-16
6976.49040679 7.32699e-16
6978.67306141 6.86489e-16
6980.85571603 6.86334e-16
6983.03837065 7.06856e-16
6985.22102527 6.61121e-16
6987.40367989 6.88828e-16
6989.58633451 6.85079e-16
6991.76898912 6.82736e-16
6993.95164374 6.58246e-16
6996.13429836 6.55595e-16
6998.31695298 6.53271e-16
7000.4996076 6.78473e-16
7002.68226222 6.68137e-16
7004.86491684 7.03594e-16
7007.04757146 6.92505e-16
7009.23022608 7.15085e-16
7011.4128807 6.5118e-16
7013.59553532 6.55445e-16
7015.77818994 6.75683e-16
7017.96084455 6.81768e-16
7020.14349917 6.6837e-16
7022.32615379 6.47952e-16
7024.50880841 7.00812e-16
7026.69146303 6.78149e-16
7028.87411765 6.93259e-16
7031.05677227 6.78669e-16
7033.23942689 6.6775e-16
7035.42208151 6.49417e-16
7037.60473613 6.62738e-16
7039.78739075 6.90974e-16
7041.97004537 6.98401e-16
7044.15269999 6.88166e-16
7046.3353546 7.07499e-16
7048.51800922 7.50869e-16
7050.70066384 7.26373e-16
7052.88331846 7.18137e-16
7055.06597308 7.58261e-16
7057.2486277 7.3325e-16
7059.43128232 6.69406e-16
7061.61393694 6.58446e-16
7063.79659156 6.94973e-16
7065.97924618 7.33961e-16
7068.1619008 7.38013e-16
7070.34455542 7.14946e-16
7072.52721004 6.85245e-16
7074.70986465 6.61013e-16
7076.89251927 6.39515e-16
7079.07517389 6.2612e-16
7081.25782851 6.57339e-16
7083.44048313 6.60904e-16
7085.62313775 6.61457e-16
7087.80579237 6.69036e-16
7089.98844699 6.58119e-16
7092.17110161 6.99266e-16
7094.35375623 7.02516e-16
7096.53641085 6.84695e-16
7098.71906547 6.63696e-16
7100.90172009 6.65667e-16
7103.0843747 6.56699e-16
7105.26702932 6.70548e-16
7107.44968394 6.88661e-16
7109.63233856 6.57878e-16
7111.81499318 6.43314e-16
7113.9976478 6.32827e-16
7116.18030242 6.59526e-16
7118.36295704 6.66985e-16
7120.54561166 6.4619e-16
7122.72826628 6.65597e-16
7124.9109209 6.46674e-16
7127.09357552 6.3277e-16
7129.27623013 6.64954e-16
7131.45888475 6.80871e-16
7133.64153937 6.78705e-16
7135.82419399 6.61401e-16
7138.00684861 6.67786e-16
7140.18950323 6.70588e-16
7142.37215785 6.33611e-16
7144.55481247 6.20599e-16
7146.73746709 6.41082e-16
7148.92012171 6.56887e-16
7151.10277633 6.52664e-16
7153.28543095 6.41346e-16
7155.46808557 6.61598e-16
7157.65074018 6.65266e-16
7159.8333948 6.18077e-16
7162.01604942 6.45918e-16
7164.19870404 6.54282e-16
7166.38135866 6.16854e-16
7168.56401328 6.04813e-16
7170.7466679 5.8934e-16
7172.92932252 5.6516e-16
7175.11197714 5.63792e-16
7177.29463176 5.74977e-16
7179.47728638 5.75593e-16
7181.659941 5.78358e-16
7183.84259562 5.70683e-16
7186.02525023 5.60039e-16
7188.20790485 5.57801e-16
7190.39055947 5.47645e-16
7192.57321409 6.02781e-16
7194.75586871 5.61218e-16
7196.93852333 5.76429e-16
7199.12117795 5.73236e-16
7201.30383257 5.68158e-16
7203.48648719 5.84026e-16
7205.66914181 5.88314e-16
7207.85179643 6.04249e-16
7210.03445105 6.56539e-16
7212.21710567 6.5459e-16
7214.39976028 6.52209e-16
7216.5824149 6.30254e-16
7218.76506952 6.15657e-16
7220.94772414 6.68511e-16
7223.13037876 6.35866e-16
7225.31303338 6.44003e-16
7227.495688 6.3413e-16
7229.67834262 6.11468e-16
7231.86099724 5.69091e-16
7234.04365186 5.68426e-16
7236.22630648 6.08606e-16
7238.4089611 5.96978e-16
7240.59161571 5.97336e-16
7242.77427033 6.01932e-16
7244.95692495 5.8554e-16
7247.13957957 6.0998e-16
7249.32223419 5.99705e-16
7251.50488881 5.79332e-16
7253.68754343 5.77916e-16
7255.87019805 6.27535e-16
7258.05285267 6.16354e-16
7260.23550729 6.13589e-16
7262.41816191 5.92581e-16
7264.60081653 5.92286e-16
7266.78347115 6.16149e-16
7268.96612576 6.60724e-16
7271.14878038 6.16236e-16
7273.331435 6.28096e-16
7275.51408962 5.91001e-16
7277.69674424 6.19038e-16
7279.87939886 6.25439e-16
7282.06205348 6.21893e-16
7284.2447081 6.52985e-16
7286.42736272 6.48846e-16
7288.61001734 6.09916e-16
7290.79267196 6.07344e-16
7292.97532658 5.94868e-16
7295.1579812 6.34644e-16
7297.34063581 6.32721e-16
7299.52329043 6.34547e-16
7301.70594505 6.37827e-16
7303.88859967 6.43727e-16
7306.07125429 6.41248e-16
7308.25390891 6.28376e-16
7310.43656353 5.72974e-16
7312.61921815 5.87512e-16
7314.80187277 6.22641e-16
7316.98452739 6.32638e-16
7319.16718201 6.05338e-16
7321.34983663 6.30854e-16
7323.53249125 6.57289e-16
7325.71514586 6.39535e-16
7327.89780048 6.62125e-16
7330.0804551 6.32158e-16
7332.26310972 6.50529e-16
7334.44576434 6.54017e-16
7336.62841896 6.62172e-16
7338.81107358 6.63613e-16
7340.9937282 6.66509e-16
7343.17638282 7.13469e-16
7345.35903744 6.88846e-16
7347.54169206 6.50323e-16
7349.72434668 6.30889e-16
7351.9070013 6.38535e-16
7354.08965591 6.55879e-16
7356.27231053 6.40631e-16
7358.45496515 6.27615e-16
7360.63761977 6.60891e-16
7362.82027439 6.70016e-16
7365.00292901 6.43752e-16
7367.18558363 6.22641e-16
7369.36823825 6.39846e-16
7371.55089287 6.77965e-16
7373.73354749 6.571e-16
7375.91620211 6.64708e-16
7378.09885673 6.84603e-16
7380.28151134 6.81403e-16
7382.46416596 6.75456e-16
7384.64682058 6.63357e-16
7386.8294752 6.71739e-16
7389.01212982 6.8674e-16
7391.19478444 6.96415e-16
7393.37743906 6.59471e-16
7395.56009368 6.65963e-16
7397.7427483 6.7356e-16
7399.92540292 6.63117e-16
7402.10805754 7.25713e-16
7404.29071216 7.25519e-16
7406.47336678 7.06479e-16
7408.65602139 6.87008e-16
7410.83867601 7.11112e-16
7413.02133063 7.02224e-16
7415.20398525 6.56119e-16
7417.38663987 6.59262e-16
7419.56929449 6.53219e-16
7421.75194911 6.8892e-16
7423.93460373 6.73546e-16
7426.11725835 6.75623e-16
7428.29991297 6.88066e-16
7430.48256759 6.91036e-16
7432.66522221 7.0674e-16
7434.84787683 6.73304e-16
7437.03053144 6.84174e-16
7439.21318606 6.26478e-16
7441.39584068 6.39382e-16
7443.5784953 6.67162e-16
7445.76114992 6.60256e-16
7447.94380454 6.42297e-16
7450.12645916 6.5325e-16
7452.30911378 6.70382e-16
7454.4917684 6.45587e-16
7456.67442302 6.65974e-16
7458.85707764 6.18437e-16
7461.03973226 6.38089e-16
7463.22238688 6.28122e-16
7465.40504149 6.4694e-16
7467.58769611 6.50656e-16
7469.77035073 6.49167e-16
7471.95300535 6.40138e-16
7474.13565997 6.29969e-16
7476.31831459 6.56792e-16
7478.50096921 6.71856e-16
7480.68362383 6.42724e-16
7482.86627845 6.60885e-16
7485.04893307 6.31513e-16
7487.23158769 6.52476e-16
7489.41424231 6.53104e-16
7491.59689692 6.67053e-16
7493.77955154 6.76587e-16
7495.96220616 6.06937e-16
7498.14486078 6.1106e-16
7500.3275154 6.33844e-16
7502.51017002 6.17544e-16
7504.69282464 6.11476e-16
7506.87547926 6.31759e-16
7509.05813388 6.22716e-16
7511.2407885 6.4581e-16
7513.42344312 6.50669e-16
7515.60609774 6.32947e-16
7517.78875236 6.25147e-16
7519.97140697 6.42699e-16
7522.15406159 6.35487e-16
7524.33671621 6.28682e-16
7526.51937083 6.04843e-16
7528.70202545 6.09564e-16
7530.88468007 6.51748e-16
7533.06733469 6.29834e-16
7535.24998931 6.23702e-16
7537.43264393 6.31421e-16
7539.61529855 6.41106e-16
7541.79795317 6.40237e-16
7543.98060779 6.31283e-16
7546.16326241 6.17601e-16
7548.34591702 6.11194e-16
7550.52857164 5.95468e-16
7552.71122626 6.34334e-16
7554.89388088 6.05893e-16
7557.0765355 5.68366e-16
7559.25919012 6.08273e-16
7561.44184474 6.30633e-16
7563.62449936 6.23926e-16
7565.80715398 6.1867e-16
7567.9898086 6.06473e-16
7570.17246322 6.20954e-16
7572.35511784 6.59151e-16
7574.53777246 6.30341e-16
7576.72042707 6.29831e-16
7578.90308169 6.73684e-16
7581.08573631 6.31317e-16
7583.26839093 5.92737e-16
7585.45104555 6.28623e-16
7587.63370017 6.32654e-16
7589.81635479 5.67685e-16
7591.99900941 5.26797e-16
7594.18166403 4.77157e-16
7596.36431865 3.47121e-16
7598.54697327 2.60748e-16
7600.72962789 2.25255e-16
7602.9122825 1.87334e-16
7605.09493712 1.84766e-16
7607.27759174 2.03603e-16
7609.46024636 2.19495e-16
7611.64290098 2.59265e-16
7613.8255556 3.36742e-16
7616.00821022 4.14166e-16
7618.19086484 4.70444e-16
7620.37351946 4.54068e-16
7622.55617408 4.23017e-16
7624.7388287 3.77437e-16
7626.92148332 3.4104e-16
7629.10413794 3.45128e-16
7631.28679255 3.53088e-16
7633.46944717 3.30343e-16
7635.65210179 3.5615e-16
7637.83475641 3.72937e-16
7640.01741103 4.02439e-16
7642.20006565 4.29762e-16
7644.38272027 4.45229e-16
7646.56537489 4.60457e-16
7648.74802951 4.96811e-16
7650.93068413 4.63483e-16
7653.11333875 4.35805e-16
7655.29599337 4.94021e-16
7657.47864799 4.96985e-16
7659.6613026 5.34116e-16
7661.84395722 5.38252e-16
7664.02661184 5.98691e-16
7666.20926646 5.50298e-16
7668.39192108 5.82345e-16
7670.5745757 5.9565e-16
7672.75723032 6.01477e-16
7674.93988494 5.94576e-16
7677.12253956 6.15809e-16
7679.30519418 6.0181e-16
7681.4878488 6.11541e-16
7683.67050342 6.22688e-16
7685.85315804 6.39852e-16
7688.03581265 6.59183e-16
7690.21846727 6.26785e-16
7692.40112189 6.87189e-16
7694.58377651 6.80005e-16
7696.76643113 6.72383e-16
7698.94908575 6.68086e-16
7701.13174037 6.8383e-16
7703.31439499 6.38408e-16
7705.49704961 6.4886e-16
7707.67970423 6.51211e-16
7709.86235885 6.30781e-16
7712.04501347 6.43045e-16
7714.22766809 6.55728e-16
7716.4103227 6.60411e-16
7718.59297732 6.26135e-16
7720.77563194 6.44865e-16
7722.95828656 6.73148e-16
7725.14094118 6.58135e-16
7727.3235958 6.40557e-16
7729.50625042 6.48477e-16
7731.68890504 6.60353e-16
7733.87155966 6.76813e-16
7736.05421428 6.64249e-16
7738.2368689 6.82847e-16
7740.41952352 6.84512e-16
7742.60217813 6.69305e-16
7744.78483275 6.67106e-16
7746.96748737 6.76631e-16
7749.15014199 7.12723e-16
7751.33279661 6.99787e-16
7753.51545123 6.72477e-16
7755.69810585 6.66948e-16
7757.88076047 6.69766e-16
7760.06341509 6.71231e-16
7762.24606971 6.92808e-16
7764.42872433 7.03598e-16
7766.61137895 6.85951e-16
7768.79403357 6.95176e-16
7770.97668818 6.67299e-16
7773.1593428 6.72081e-16
7775.34199742 6.79257e-16
7777.52465204 6.60979e-16
7779.70730666 6.76188e-16
7781.88996128 6.52792e-16
7784.0726159 6.48273e-16
7786.25527052 6.26249e-16
7788.43792514 6.37744e-16
7790.62057976 6.5971e-16
7792.80323438 6.88557e-16
7794.985889 6.73889e-16
7797.16854362 6.78778e-16
7799.35119823 6.99857e-16
7801.53385285 7.10929e-16
7803.71650747 6.96694e-16
7805.89916209 6.93749e-16
7808.08181671 7.01378e-16
7810.26447133 6.77571e-16
7812.44712595 6.75176e-16
7814.62978057 6.5376e-16
7816.81243519 6.53362e-16
7818.99508981 6.67069e-16
7821.17774443 6.98128e-16
7823.36039905 6.54259e-16
7825.54305367 6.89956e-16
7827.72570828 7.16549e-16
7829.9083629 7.22694e-16
7832.09101752 6.83347e-16
7834.27367214 7.29975e-16
7836.45632676 7.03258e-16
7838.63898138 6.74634e-16
7840.821636 6.72306e-16
7843.00429062 6.76868e-16
7845.18694524 7.13225e-16
7847.36959986 7.0226e-16
7849.55225448 7.06736e-16
7851.7349091 6.69358e-16
7853.91756371 7.21756e-16
7856.10021833 7.48572e-16
7858.28287295 7.14235e-16
7860.46552757 7.23574e-16
7862.64818219 6.92147e-16
7864.83083681 6.81067e-16
7867.01349143 6.70608e-16
7869.19614605 6.88218e-16
7871.37880067 6.48884e-16
7873.56145529 6.68782e-16
7875.74410991 6.95204e-16
7877.92676453 7.28982e-16
7880.10941915 6.92201e-16
7882.29207376 7.10883e-16
7884.47472838 7.3289e-16
7886.657383 7.20064e-16
7888.84003762 7.14363e-16
7891.02269224 7.10271e-16
7893.20534686 7.3428e-16
7895.38800148 7.13451e-16
7897.5706561 6.68672e-16
7899.75331072 7.19161e-16
7901.93596534 7.20868e-16
7904.11861996 7.12856e-16
7906.30127458 7.79904e-16
7908.4839292 7.41139e-16
7910.66658381 7.0085e-16
7912.84923843 6.82563e-16
7915.03189305 7.0861e-16
7917.21454767 7.27479e-16
7919.39720229 7.35353e-16
7921.57985691 7.42688e-16
7923.76251153 7.1304e-16
7925.94516615 7.1759e-16
7928.12782077 7.12738e-16
7930.31047539 7.1199e-16
7932.49313001 7.16346e-16
7934.67578463 7.2043e-16
7936.85843925 7.15505e-16
7939.04109386 7.03601e-16
7941.22374848 7.46588e-16
7943.4064031 7.379e-16
7945.58905772 7.11419e-16
7947.77171234 7.02938e-16
7949.95436696 7.14669e-16
7952.13702158 7.56609e-16
7954.3196762 7.55219e-16
7956.50233082 7.68589e-16
7958.68498544 7.12142e-16
7960.86764006 6.95692e-16
7963.05029468 7.41078e-16
7965.2329493 7.51391e-16
7967.41560391 7.43185e-16
7969.59825853 7.82269e-16
7971.78091315 7.05137e-16
7973.96356777 6.99732e-16
7976.14622239 6.92171e-16
7978.32887701 6.95981e-16
7980.51153163 7.17632e-16
7982.69418625 6.94267e-16
7984.87684087 7.10723e-16
7987.05949549 6.87576e-16
7989.24215011 6.93938e-16
7991.42480473 7.43479e-16
7993.60745934 7.39861e-16
7995.79011396 7.03192e-16
7997.97276858 6.74844e-16
8000.1554232 6.74413e-16
8002.33807782 6.42695e-16
