# DICHROIC = D55
# HA = -01:15:51.0
# ANGLE = 27 deg  17 min
# OBSERVER = Yao  Dahiwale
# OBSLST = 19:42:06.3
# OBJECT = ZTF19aapreis
# CASSPA = -40.00
# PARALLAC = 321.42
# HOURANG = E01:15:51.0
# CCDTEMP = 161.66
# LAMPS = 0000000
# RA = 20:57:01.62
# GRATING = 600/4000
# APERTURE = 1.5
# TELFOCUS = 43.67 mm
# AIRMASS = 1.109
# DEC = +14:12:44.3
# UTSHUT = 2019-10-03T02:43:28.524
# EXPTIME = 1450
3400.000 3.5377e-16
3401.534 3.0399e-16
3403.069 2.896e-16
3404.603 2.7697e-16
3406.137 3.5484e-16
3407.671 3.6349e-16
3409.206 3.9102e-16
3410.740 4.0356e-16
3412.274 3.9381e-16
3413.809 3.8594e-16
3415.343 3.8661e-16
3416.877 4.0593e-16
3418.412 4.1559e-16
3419.946 4.504e-16
3421.480 4.5364e-16
3423.014 4.121e-16
3424.549 4.1865e-16
3426.083 4.1701e-16
3427.617 4.4229e-16
3429.152 4.7295e-16
3430.686 5.1473e-16
3432.220 3.8632e-16
3433.754 3.3188e-16
3435.289 3.7651e-16
3436.823 3.4652e-16
3438.357 3.3519e-16
3439.892 4.1428e-16
3441.426 3.7714e-16
3442.960 3.5368e-16
3444.495 3.3749e-16
3446.029 3.5981e-16
3447.563 4.3989e-16
3449.097 3.4826e-16
3450.632 2.7175e-16
3452.166 3.2563e-16
3453.700 3.0774e-16
3455.235 3.3113e-16
3456.769 3.4297e-16
3458.303 3.4822e-16
3459.837 3.1687e-16
3461.372 3.0962e-16
3462.906 3.2342e-16
3464.440 4.0686e-16
3465.975 4.4048e-16
3467.509 4.1928e-16
3469.043 4.3047e-16
3470.578 3.8735e-16
3472.112 3.7039e-16
3473.646 3.7428e-16
3475.180 3.5349e-16
3476.715 3.7106e-16
3478.249 4.1548e-16
3479.783 3.2493e-16
3481.318 4.0078e-16
3482.852 4.0162e-16
3484.386 3.6364e-16
3485.920 3.1905e-16
3487.455 3.4482e-16
3488.989 3.4665e-16
3490.523 4.239e-16
3492.058 3.6335e-16
3493.592 3.6607e-16
3495.126 3.6167e-16
3496.661 3.2796e-16
3498.195 3.9711e-16
3499.729 3.5402e-16
3501.263 3.3275e-16
3502.798 3.5335e-16
3504.332 3.1773e-16
3505.866 3.3525e-16
3507.401 3.6922e-16
3508.935 3.9578e-16
3510.469 3.5506e-16
3512.004 3.1879e-16
3513.538 3.8716e-16
3515.072 3.1198e-16
3516.606 3.2128e-16
3518.141 3.4503e-16
3519.675 2.9042e-16
3521.209 2.7541e-16
3522.744 3.3707e-16
3524.278 3.3776e-16
3525.812 3.2537e-16
3527.346 3.4561e-16
3528.881 2.8831e-16
3530.415 3.0431e-16
3531.949 3.3969e-16
3533.484 3.356e-16
3535.018 3.8174e-16
3536.552 3.4519e-16
3538.087 2.7292e-16
3539.621 3.0366e-16
3541.155 3.4982e-16
3542.689 3.5131e-16
3544.224 3.6592e-16
3545.758 3.7925e-16
3547.292 4.0578e-16
3548.827 3.9863e-16
3550.361 3.5367e-16
3551.895 3.7568e-16
3553.429 4.9576e-16
3554.964 4.4023e-16
3556.498 3.782e-16
3558.032 3.7779e-16
3559.567 3.6935e-16
3561.101 3.4851e-16
3562.635 3.4588e-16
3564.170 3.5973e-16
3565.704 3.1652e-16
3567.238 3.3142e-16
3568.772 3.5403e-16
3570.307 3.7866e-16
3571.841 4.2126e-16
3573.375 3.7722e-16
3574.910 3.6356e-16
3576.444 3.2792e-16
3577.978 3.3549e-16
3579.512 3.659e-16
3581.047 3.818e-16
3582.581 4.2386e-16
3584.115 3.8231e-16
3585.650 3.33e-16
3587.184 3.18e-16
3588.718 3.601e-16
3590.253 3.4267e-16
3591.787 3.3957e-16
3593.321 3.4872e-16
3594.855 3.4942e-16
3596.390 3.6888e-16
3597.924 4.0656e-16
3599.458 4.1024e-16
3600.993 4.2179e-16
3602.527 3.8443e-16
3604.061 3.607e-16
3605.595 3.7974e-16
3607.130 3.9275e-16
3608.664 3.8384e-16
3610.198 3.7911e-16
3611.733 3.5727e-16
3613.267 3.3383e-16
3614.801 3.3747e-16
3616.336 3.1775e-16
3617.870 3.0469e-16
3619.404 3.3735e-16
3620.938 3.4142e-16
3622.473 3.8103e-16
3624.007 3.8204e-16
3625.542 3.6405e-16
3627.076 3.2666e-16
3628.610 3.5669e-16
3630.144 3.7235e-16
3631.678 3.9826e-16
3633.213 3.517e-16
3634.747 3.4489e-16
3636.281 3.2499e-16
3637.816 3.5331e-16
3639.350 3.5307e-16
3640.884 3.5615e-16
3642.419 3.6465e-16
3643.953 3.8173e-16
3645.487 3.7279e-16
3647.021 3.1929e-16
3648.556 3.0614e-16
3650.090 2.7727e-16
3651.625 2.7894e-16
3653.159 2.6849e-16
3654.693 2.9947e-16
3656.227 3.4439e-16
3657.761 3.2248e-16
3659.296 3.2559e-16
3660.830 3.3673e-16
3662.365 2.9278e-16
3663.899 3.2431e-16
3665.433 3.3238e-16
3666.967 2.8922e-16
3668.502 3.0534e-16
3670.036 2.8216e-16
3671.570 2.6097e-16
3673.104 2.9931e-16
3674.639 3.25e-16
3676.173 3.3677e-16
3677.708 3.4605e-16
3679.242 3.3536e-16
3680.776 3.3293e-16
3682.310 3.2917e-16
3683.845 3.3193e-16
3685.379 3.341e-16
3686.913 3.2837e-16
3688.448 3.2282e-16
3689.982 3.0724e-16
3691.516 3.5393e-16
3693.050 3.6852e-16
3694.585 3.434e-16
3696.119 3.5612e-16
3697.653 3.3272e-16
3699.188 3.1606e-16
3700.722 3.2556e-16
3702.256 2.8742e-16
3703.791 3.1593e-16
3705.325 3.1393e-16
3706.859 3.4263e-16
3708.393 3.526e-16
3709.928 3.6339e-16
3711.462 3.3149e-16
3712.996 3.5502e-16
3714.531 3.9621e-16
3716.065 4.0348e-16
3717.599 3.9358e-16
3719.133 3.6356e-16
3720.668 3.5256e-16
3722.202 3.7744e-16
3723.736 3.3919e-16
3725.271 3.3657e-16
3726.805 3.5488e-16
3728.339 3.6781e-16
3729.874 3.23e-16
3731.408 3.0097e-16
3732.942 2.9419e-16
3734.476 3.3257e-16
3736.011 3.1511e-16
3737.545 3.1628e-16
3739.079 2.8745e-16
3740.614 3.119e-16
3742.148 3.3754e-16
3743.682 3.0853e-16
3745.216 2.8327e-16
3746.751 2.6148e-16
3748.285 2.7713e-16
3749.819 3.0537e-16
3751.354 2.877e-16
3752.888 3.0593e-16
3754.422 3.195e-16
3755.957 2.9046e-16
3757.491 2.6161e-16
3759.025 2.8509e-16
3760.559 2.8824e-16
3762.094 2.6805e-16
3763.628 2.7175e-16
3765.162 2.7598e-16
3766.697 2.5377e-16
3768.231 2.3994e-16
3769.765 2.5438e-16
3771.299 2.9359e-16
3772.834 3.29e-16
3774.368 3.3376e-16
3775.902 2.9412e-16
3777.437 3.2255e-16
3778.971 3.3966e-16
3780.505 3.4648e-16
3782.040 3.5308e-16
3783.574 3.4723e-16
3785.108 3.2368e-16
3786.642 3.2092e-16
3788.177 3.3137e-16
3789.711 3.2746e-16
3791.245 3.0774e-16
3792.780 3.0294e-16
3794.314 3.1432e-16
3795.848 3.3994e-16
3797.383 3.2941e-16
3798.917 3.3123e-16
3800.451 3.2117e-16
3801.985 3.2082e-16
3803.520 3.0788e-16
3805.054 3.2991e-16
3806.588 3.5201e-16
3808.123 3.6418e-16
3809.657 3.6846e-16
3811.191 3.28e-16
3812.725 3.5867e-16
3814.260 3.3017e-16
3815.794 3.1638e-16
3817.328 3.4079e-16
3818.863 3.3696e-16
3820.397 3.472e-16
3821.931 3.6348e-16
3823.466 3.9828e-16
3825.000 3.6305e-16
3826.534 3.5505e-16
3828.068 3.4594e-16
3829.603 3.4152e-16
3831.137 3.4504e-16
3832.671 3.4403e-16
3834.206 3.1113e-16
3835.740 3.453e-16
3837.274 3.6686e-16
3838.808 3.7457e-16
3840.343 3.6686e-16
3841.877 3.9383e-16
3843.411 4.0144e-16
3844.946 3.6213e-16
3846.480 3.72e-16
3848.014 3.8327e-16
3849.549 3.5575e-16
3851.083 3.629e-16
3852.617 3.6005e-16
3854.151 3.5243e-16
3855.686 3.419e-16
3857.220 3.5533e-16
3858.754 3.6527e-16
3860.289 3.9955e-16
3861.823 4.0262e-16
3863.357 3.5414e-16
3864.891 3.5289e-16
3866.426 3.5673e-16
3867.960 3.5197e-16
3869.494 3.7981e-16
3871.029 3.5442e-16
3872.563 3.3601e-16
3874.097 3.3617e-16
3875.632 3.2146e-16
3877.166 3.2903e-16
3878.700 3.7653e-16
3880.234 3.8709e-16
3881.769 3.6688e-16
3883.303 3.3271e-16
3884.837 3.6906e-16
3886.372 3.7619e-16
3887.906 3.7932e-16
3889.440 3.6622e-16
3890.974 3.4289e-16
3892.509 3.4801e-16
3894.043 3.3687e-16
3895.577 3.712e-16
3897.112 3.6662e-16
3898.646 3.585e-16
3900.180 3.9402e-16
3901.715 4.0057e-16
3903.249 4.1458e-16
3904.783 4.0141e-16
3906.317 3.6159e-16
3907.852 3.4397e-16
3909.386 3.0676e-16
3910.920 3.7923e-16
3912.455 4.717e-16
3913.989 5.1104e-16
3915.523 5.6959e-16
3917.057 5.5634e-16
3918.592 5.0621e-16
3920.126 3.8216e-16
3921.660 3.159e-16
3923.195 2.8594e-16
3924.729 2.7756e-16
3926.263 2.9363e-16
3927.798 3.558e-16
3929.332 3.5476e-16
3930.866 3.5012e-16
3932.400 3.3709e-16
3933.935 3.0075e-16
3935.469 2.8019e-16
3937.003 2.7557e-16
3938.538 2.9139e-16
3940.072 3.1233e-16
3941.606 3.4269e-16
3943.140 3.902e-16
3944.675 3.9328e-16
3946.209 3.8371e-16
3947.743 3.5716e-16
3949.278 3.4929e-16
3950.812 3.6983e-16
3952.346 3.7506e-16
3953.881 3.9495e-16
3955.415 3.7378e-16
3956.949 3.4858e-16
3958.483 3.5616e-16
3960.018 3.7098e-16
3961.552 3.3681e-16
3963.086 3.6622e-16
3964.621 3.7758e-16
3966.155 4.0535e-16
3967.689 3.883e-16
3969.223 3.8168e-16
3970.758 3.9103e-16
3972.292 4.2177e-16
3973.826 4.2798e-16
3975.361 4.3641e-16
3976.895 4.2121e-16
3978.429 3.9408e-16
3979.964 3.8838e-16
3981.498 3.8697e-16
3983.032 3.7446e-16
3984.566 3.4932e-16
3986.101 3.3298e-16
3987.635 3.2867e-16
3989.169 3.085e-16
3990.704 3.2284e-16
3992.238 3.495e-16
3993.772 3.6481e-16
3995.307 3.9509e-16
3996.841 4.0035e-16
3998.375 3.6636e-16
3999.909 3.6294e-16
4001.444 3.9546e-16
4002.978 4.0031e-16
4004.512 4.0249e-16
4006.047 3.6832e-16
4007.581 3.5951e-16
4009.115 3.4294e-16
4010.649 3.4102e-16
4012.184 3.4923e-16
4013.718 3.8463e-16
4015.252 3.4737e-16
4016.787 3.3638e-16
4018.321 3.2711e-16
4019.855 3.317e-16
4021.390 3.2945e-16
4022.924 3.1774e-16
4024.458 3.2627e-16
4025.992 2.8691e-16
4027.527 2.8527e-16
4029.061 2.768e-16
4030.595 2.8521e-16
4032.130 3.197e-16
4033.664 2.7807e-16
4035.198 2.9741e-16
4036.732 3.3934e-16
4038.267 3.3173e-16
4039.801 3.6401e-16
4041.335 3.6168e-16
4042.870 3.5479e-16
4044.404 3.3461e-16
4045.938 3.4616e-16
4047.473 3.8249e-16
4049.007 3.5101e-16
4050.541 3.331e-16
4052.075 3.3006e-16
4053.610 3.3603e-16
4055.144 3.4346e-16
4056.678 3.6319e-16
4058.213 3.7359e-16
4059.747 3.9159e-16
4061.281 4.176e-16
4062.815 4.0387e-16
4064.350 3.8437e-16
4065.884 3.9993e-16
4067.418 3.9641e-16
4068.953 3.9524e-16
4070.487 3.7888e-16
4072.021 3.8945e-16
4073.556 3.6354e-16
4075.090 3.5559e-16
4076.624 3.6475e-16
4078.158 3.7805e-16
4079.693 3.493e-16
4081.227 3.6613e-16
4082.761 3.5884e-16
4084.296 3.6433e-16
4085.830 3.7939e-16
4087.364 4.0542e-16
4088.898 3.9187e-16
4090.433 3.8576e-16
4091.967 3.8514e-16
4093.501 3.9029e-16
4095.036 4.0482e-16
4096.570 4.0841e-16
4098.104 3.9245e-16
4099.639 3.5879e-16
4101.173 3.7401e-16
4102.707 3.6358e-16
4104.242 3.6968e-16
4105.776 3.9365e-16
4107.310 4.0264e-16
4108.844 4.0072e-16
4110.379 3.8084e-16
4111.913 3.7427e-16
4113.447 3.8138e-16
4114.981 3.8823e-16
4116.516 3.7066e-16
4118.050 3.6278e-16
4119.584 3.641e-16
4121.119 3.55e-16
4122.653 3.7874e-16
4124.188 3.6213e-16
4125.722 3.2758e-16
4127.256 2.6434e-16
4128.790 2.4894e-16
4130.325 2.5941e-16
4131.859 2.3028e-16
4133.393 2.023e-16
4134.927 2.3751e-16
4136.462 2.7815e-16
4137.996 3.3649e-16
4139.530 3.4971e-16
4141.064 3.5553e-16
4142.599 3.7091e-16
4144.133 3.5405e-16
4145.667 3.6188e-16
4147.202 3.8563e-16
4148.736 4.0501e-16
4150.271 4.3161e-16
4151.805 4.201e-16
4153.339 4.0573e-16
4154.873 4.1281e-16
4156.408 4.1178e-16
4157.942 4.0674e-16
4159.476 3.9327e-16
4161.010 3.5865e-16
4162.545 3.4522e-16
4164.079 3.5684e-16
4165.613 3.065e-16
4167.147 2.7801e-16
4168.682 2.6425e-16
4170.216 2.8542e-16
4171.750 3.1812e-16
4173.285 3.1387e-16
4174.819 3.4638e-16
4176.354 3.656e-16
4177.888 3.7465e-16
4179.422 4.1505e-16
4180.956 4.4375e-16
4182.491 4.501e-16
4184.025 4.4028e-16
4185.559 4.3873e-16
4187.093 4.716e-16
4188.628 4.7188e-16
4190.162 4.5996e-16
4191.696 4.9362e-16
4193.230 5.1156e-16
4194.765 5.0515e-16
4196.299 5.0542e-16
4197.833 4.8982e-16
4199.368 4.7303e-16
4200.902 4.9836e-16
4202.437 5.232e-16
4203.971 5.1769e-16
4205.505 5.2339e-16
4207.039 4.9548e-16
4208.574 4.6896e-16
4210.108 4.8479e-16
4211.642 5.1107e-16
4213.176 5.1391e-16
4214.711 5.1885e-16
4216.245 5.0357e-16
4217.779 4.9425e-16
4219.313 5.1166e-16
4220.848 5.244e-16
4222.382 5.1461e-16
4223.917 5.289e-16
4225.451 5.3983e-16
4226.985 5.0399e-16
4228.520 5.013e-16
4230.054 5.0376e-16
4231.588 4.9821e-16
4233.122 5.0118e-16
4234.657 4.9504e-16
4236.191 4.6175e-16
4237.725 4.8158e-16
4239.259 4.9637e-16
4240.794 5.341e-16
4242.328 5.3107e-16
4243.862 5.0655e-16
4245.396 4.9814e-16
4246.931 5.0087e-16
4248.465 4.7668e-16
4250.000 4.2327e-16
4251.534 4.3632e-16
4253.068 4.6188e-16
4254.603 4.7863e-16
4256.137 4.773e-16
4257.671 5.0046e-16
4259.205 4.727e-16
4260.740 4.4339e-16
4262.274 4.7626e-16
4263.808 4.773e-16
4265.342 4.585e-16
4266.877 4.6396e-16
4268.411 4.5328e-16
4269.945 4.7674e-16
4271.479 4.8387e-16
4273.014 4.9187e-16
4274.548 5.0386e-16
4276.083 4.893e-16
4277.617 5.0822e-16
4279.151 4.8389e-16
4280.686 4.9039e-16
4282.220 4.7685e-16
4283.754 4.7044e-16
4285.288 5.1298e-16
4286.823 5.1342e-16
4288.357 5.3861e-16
4289.891 5.2798e-16
4291.425 5.2922e-16
4292.960 5.3142e-16
4294.494 5.4024e-16
4296.028 5.6432e-16
4297.562 5.3577e-16
4299.097 5.3263e-16
4300.631 5.2564e-16
4302.166 5.282e-16
4303.700 5.3025e-16
4305.234 4.7641e-16
4306.769 4.7664e-16
4308.303 4.6529e-16
4309.837 4.6746e-16
4311.371 5.0182e-16
4312.906 5.0329e-16
4314.440 5.4978e-16
4315.974 5.106e-16
4317.508 4.9137e-16
4319.043 5.0559e-16
4320.577 5.5898e-16
4322.111 5.6597e-16
4323.646 5.4783e-16
4325.180 5.4499e-16
4326.714 5.0458e-16
4328.249 4.8292e-16
4329.783 4.8541e-16
4331.317 5.2232e-16
4332.852 5.2114e-16
4334.386 5.0836e-16
4335.920 5.1168e-16
4337.455 5.2572e-16
4338.989 5.1067e-16
4340.523 4.8177e-16
4342.057 4.7978e-16
4343.591 5.0513e-16
4345.126 5.383e-16
4346.660 5.4277e-16
4348.194 5.376e-16
4349.729 5.4388e-16
4351.263 5.0413e-16
4352.797 4.6795e-16
4354.332 4.8387e-16
4355.866 4.9616e-16
4357.400 5.5595e-16
4358.935 5.8037e-16
4360.469 5.2303e-16
4362.003 4.841e-16
4363.538 4.5974e-16
4365.072 4.6806e-16
4366.606 4.6974e-16
4368.140 4.8383e-16
4369.674 4.9092e-16
4371.209 4.8981e-16
4372.743 4.88e-16
4374.277 4.8413e-16
4375.812 4.8702e-16
4377.346 5.1348e-16
4378.880 5.0368e-16
4380.415 5.234e-16
4381.949 5.0145e-16
4383.483 4.6837e-16
4385.018 4.459e-16
4386.552 4.73e-16
4388.086 4.685e-16
4389.621 4.6062e-16
4391.155 4.7274e-16
4392.689 4.748e-16
4394.223 4.8648e-16
4395.757 5.2544e-16
4397.292 5.0964e-16
4398.826 4.638e-16
4400.360 4.8484e-16
4401.895 4.9914e-16
4403.429 5.0163e-16
4404.963 4.9969e-16
4406.498 4.7893e-16
4408.032 4.8733e-16
4409.566 4.7242e-16
4411.101 4.408e-16
4412.635 4.2366e-16
4414.169 4.3478e-16
4415.704 4.6895e-16
4417.238 4.9647e-16
4418.772 5.1398e-16
4420.306 5.2914e-16
4421.841 4.9048e-16
4423.375 5.1479e-16
4424.909 4.9949e-16
4426.443 4.7791e-16
4427.978 4.8907e-16
4429.512 5.3847e-16
4431.046 5.4914e-16
4432.581 5.1923e-16
4434.115 5.2348e-16
4435.649 4.9535e-16
4437.184 4.5308e-16
4438.718 4.0715e-16
4440.252 3.9751e-16
4441.787 4.4067e-16
4443.321 4.9431e-16
4444.855 5.5433e-16
4446.389 5.4349e-16
4447.924 5.1513e-16
4449.458 4.9931e-16
4450.992 5.1062e-16
4452.526 5.0784e-16
4454.061 5.0002e-16
4455.595 5.2688e-16
4457.129 5.2947e-16
4458.664 5.3082e-16
4460.198 5.1262e-16
4461.732 4.9711e-16
4463.267 5.083e-16
4464.801 5.153e-16
4466.335 4.8489e-16
4467.870 4.9305e-16
4469.404 5.01e-16
4470.938 5.2723e-16
4472.472 5.1731e-16
4474.007 4.7985e-16
4475.541 4.5999e-16
4477.075 4.9824e-16
4478.609 5.3708e-16
4480.144 5.555e-16
4481.678 5.6939e-16
4483.212 4.9032e-16
4484.747 4.7574e-16
4486.281 4.4805e-16
4487.815 4.5707e-16
4489.350 4.7383e-16
4490.884 4.7335e-16
4492.418 5.0552e-16
4493.953 5.2213e-16
4495.487 5.0465e-16
4497.021 5.2474e-16
4498.555 5.1412e-16
4500.090 5.0399e-16
4501.624 4.7652e-16
4503.158 4.5841e-16
4504.692 4.8534e-16
4506.227 4.6237e-16
4507.761 4.7999e-16
4509.295 4.7469e-16
4510.830 4.8618e-16
4512.364 4.5401e-16
4513.898 4.583e-16
4515.433 4.1316e-16
4516.967 3.7071e-16
4518.501 3.9198e-16
4520.036 3.8957e-16
4521.570 4.0993e-16
4523.104 4.0934e-16
4524.638 3.8635e-16
4526.173 4.2375e-16
4527.707 4.1949e-16
4529.241 4.4817e-16
4530.775 4.8545e-16
4532.310 5.4169e-16
4533.844 5.8608e-16
4535.378 5.8923e-16
4536.913 6.0784e-16
4538.447 6.1859e-16
4539.981 5.3211e-16
4541.516 4.8552e-16
4543.050 5.1591e-16
4544.584 4.9712e-16
4546.119 5.325e-16
4547.653 5.7969e-16
4549.187 5.8134e-16
4550.721 6.3183e-16
4552.256 6.4915e-16
4553.790 6.2523e-16
4555.324 6.0444e-16
4556.858 5.6979e-16
4558.393 5.502e-16
4559.927 5.5668e-16
4561.461 5.4725e-16
4562.996 5.8349e-16
4564.530 5.905e-16
4566.064 6.1289e-16
4567.599 6.0068e-16
4569.133 6.1824e-16
4570.667 5.6487e-16
4572.202 5.297e-16
4573.736 5.5176e-16
4575.270 5.4504e-16
4576.804 5.7111e-16
4578.339 5.9381e-16
4579.873 5.7274e-16
4581.407 5.8376e-16
4582.941 6.2002e-16
4584.476 6.251e-16
4586.010 5.8317e-16
4587.544 5.7773e-16
4589.079 6.0251e-16
4590.613 5.4708e-16
4592.147 5.3767e-16
4593.682 5.625e-16
4595.216 5.3312e-16
4596.750 5.3453e-16
4598.285 5.7118e-16
4599.819 5.5005e-16
4601.353 5.4028e-16
4602.887 4.9065e-16
4604.422 4.6296e-16
4605.956 4.5384e-16
4607.490 4.7186e-16
4609.024 4.7909e-16
4610.559 5.0442e-16
4612.093 5.2407e-16
4613.627 5.1759e-16
4615.162 5.2227e-16
4616.696 5.2347e-16
4618.230 5.6522e-16
4619.765 5.6755e-16
4621.299 5.4087e-16
4622.833 5.4398e-16
4624.368 5.43e-16
4625.902 5.3502e-16
4627.436 4.9474e-16
4628.970 4.7582e-16
4630.505 5.3554e-16
4632.039 5.5237e-16
4633.573 5.5855e-16
4635.107 5.5405e-16
4636.642 5.7429e-16
4638.176 5.3652e-16
4639.710 5.5756e-16
4641.245 5.7558e-16
4642.779 5.8093e-16
4644.313 5.7616e-16
4645.848 5.5158e-16
4647.382 5.5589e-16
4648.917 5.6262e-16
4650.451 5.6247e-16
4651.985 6.0074e-16
4653.519 5.6918e-16
4655.053 5.6136e-16
4656.588 5.4172e-16
4658.122 5.3022e-16
4659.656 5.546e-16
4661.190 5.4967e-16
4662.725 5.8907e-16
4664.259 5.8292e-16
4665.793 5.5357e-16
4667.328 5.6326e-16
4668.862 5.3611e-16
4670.396 5.5684e-16
4671.931 6.0512e-16
4673.465 5.7915e-16
4675.000 5.6854e-16
4676.534 5.2093e-16
4678.068 5.239e-16
4679.602 5.1035e-16
4681.136 5.0241e-16
4682.671 4.9611e-16
4684.205 4.9814e-16
4685.739 4.934e-16
4687.273 4.9017e-16
4688.808 5.0796e-16
4690.342 5.0174e-16
4691.876 5.3177e-16
4693.411 5.1444e-16
4694.945 5.2969e-16
4696.479 5.1264e-16
4698.014 5.6979e-16
4699.548 5.9835e-16
4701.083 6.3591e-16
4702.617 6.2657e-16
4704.151 6.0559e-16
4705.685 5.7696e-16
4707.220 5.6551e-16
4708.754 6.1058e-16
4710.288 6.3652e-16
4711.822 6.1539e-16
4713.356 6.5414e-16
4714.891 6.262e-16
4716.425 5.9542e-16
4717.959 6.046e-16
4719.494 5.6791e-16
4721.028 5.8158e-16
4722.562 6.1718e-16
4724.097 6.1526e-16
4725.631 6.2674e-16
4727.166 6.3776e-16
4728.700 6.5393e-16
4730.234 6.6515e-16
4731.768 6.7244e-16
4733.303 6.5908e-16
4734.837 6.4192e-16
4736.371 6.3757e-16
4737.905 6.5052e-16
4739.439 6.2638e-16
4740.974 6.3634e-16
4742.508 6.3155e-16
4744.042 6.5826e-16
4745.577 6.3101e-16
4747.111 6.2467e-16
4748.646 6.5482e-16
4750.180 6.3883e-16
4751.714 6.3196e-16
4753.249 6.2492e-16
4754.783 5.9344e-16
4756.317 5.4491e-16
4757.851 5.8151e-16
4759.386 5.721e-16
4760.920 5.7324e-16
4762.454 5.5682e-16
4763.988 5.5054e-16
4765.522 6.1055e-16
4767.057 6.1293e-16
4768.591 6.2061e-16
4770.125 6.3511e-16
4771.660 6.1812e-16
4773.194 6.1575e-16
4774.729 6.3595e-16
4776.263 6.0953e-16
4777.797 5.8487e-16
4779.332 6.1955e-16
4780.866 5.81e-16
4782.400 5.8239e-16
4783.934 6.168e-16
4785.469 6.1886e-16
4787.003 6.2655e-16
4788.537 6.3385e-16
4790.071 6.5268e-16
4791.606 6.4764e-16
4793.140 6.4273e-16
4794.674 6.2983e-16
4796.208 6.1895e-16
4797.743 6.4934e-16
4799.277 6.5036e-16
4800.812 6.4966e-16
4802.346 6.3504e-16
4803.880 6.3849e-16
4805.415 6.2601e-16
4806.949 6.3642e-16
4808.483 6.3879e-16
4810.017 6.2645e-16
4811.552 6.0456e-16
4813.086 5.9284e-16
4814.620 6.003e-16
4816.154 6.1826e-16
4817.689 5.9609e-16
4819.223 6.0734e-16
4820.757 6.3312e-16
4822.292 6.2924e-16
4823.826 6.0528e-16
4825.360 5.929e-16
4826.895 5.8759e-16
4828.429 5.9829e-16
4829.963 6.3934e-16
4831.498 6.6629e-16
4833.032 6.5626e-16
4834.566 6.722e-16
4836.100 6.5772e-16
4837.635 7.0164e-16
4839.169 7.6578e-16
4840.703 7.6931e-16
4842.237 7.6526e-16
4843.772 7.8731e-16
4845.306 8.1118e-16
4846.840 7.9959e-16
4848.375 7.9677e-16
4849.909 8.1775e-16
4851.443 8.3951e-16
4852.978 8.5526e-16
4854.512 8.2076e-16
4856.046 8.0556e-16
4857.581 8.277e-16
4859.115 7.9819e-16
4860.649 7.9728e-16
4862.183 7.8352e-16
4863.718 7.8064e-16
4865.252 7.8697e-16
4866.786 7.5656e-16
4868.320 7.0122e-16
4869.855 6.8543e-16
4871.389 7.0081e-16
4872.923 7.1044e-16
4874.458 6.7678e-16
4875.992 6.6177e-16
4877.526 6.4481e-16
4879.061 6.29e-16
4880.595 6.3058e-16
4882.129 6.3713e-16
4883.664 6.5154e-16
4885.198 6.631e-16
4886.732 6.5652e-16
4888.266 6.6525e-16
4889.801 6.4577e-16
4891.335 6.7544e-16
4892.869 6.9217e-16
4894.403 6.9458e-16
4895.938 6.9354e-16
4897.472 6.7523e-16
4899.006 6.6012e-16
4900.541 6.0749e-16
4902.075 6.2374e-16
4903.609 5.9819e-16
4905.144 6.0855e-16
4906.678 6.4233e-16
4908.212 6.7746e-16
4909.747 6.6402e-16
4911.281 6.8631e-16
4912.815 6.701e-16
4914.349 6.5647e-16
4915.884 6.55e-16
4917.418 6.479e-16
4918.952 6.7086e-16
4920.486 6.9782e-16
4922.021 6.9098e-16
4923.555 6.8935e-16
4925.089 6.5746e-16
4926.624 6.7812e-16
4928.158 6.7033e-16
4929.692 6.4624e-16
4931.227 6.6034e-16
4932.761 6.7556e-16
4934.295 6.7553e-16
4935.830 6.5141e-16
4937.364 6.359e-16
4938.898 6.4003e-16
4940.432 6.4508e-16
4941.967 6.489e-16
4943.501 6.2481e-16
4945.035 6.3447e-16
4946.569 6.3084e-16
4948.104 6.0893e-16
4949.638 6.2474e-16
4951.172 6.3617e-16
4952.707 6.377e-16
4954.241 6.4171e-16
4955.775 6.6102e-16
4957.310 6.7584e-16
4958.844 6.8697e-16
4960.378 6.6802e-16
4961.913 6.7698e-16
4963.447 6.5121e-16
4964.981 6.3227e-16
4966.515 6.1807e-16
4968.050 6.0035e-16
4969.584 5.925e-16
4971.118 6.0376e-16
4972.652 6.3956e-16
4974.187 6.3826e-16
4975.721 6.3508e-16
4977.255 6.3295e-16
4978.790 6.4005e-16
4980.324 6.5756e-16
4981.858 6.1752e-16
4983.393 6.1807e-16
4984.927 6.5355e-16
4986.461 6.7968e-16
4987.996 6.8023e-16
4989.530 6.5756e-16
4991.064 6.5532e-16
4992.598 6.4426e-16
4994.133 6.3257e-16
4995.667 6.2173e-16
4997.201 6.1348e-16
4998.735 6.4128e-16
5000.270 6.099e-16
5001.804 6.3021e-16
5003.338 6.2502e-16
5004.873 6.3089e-16
5006.407 6.0837e-16
5007.941 6.2562e-16
5009.476 6.4527e-16
5011.010 6.4454e-16
5012.544 6.3081e-16
5014.079 6.4834e-16
5015.613 6.5734e-16
5017.147 6.4392e-16
5018.682 6.6136e-16
5020.216 6.6332e-16
5021.750 6.5532e-16
5023.284 6.446e-16
5024.818 6.5722e-16
5026.353 6.3878e-16
5027.887 6.2059e-16
5029.421 6.2477e-16
5030.956 6.2678e-16
5032.490 6.2454e-16
5034.024 6.5737e-16
5035.559 6.9062e-16
5037.093 6.8855e-16
5038.627 6.7524e-16
5040.162 6.4864e-16
5041.696 6.4373e-16
5043.230 6.4909e-16
5044.765 6.4003e-16
5046.299 6.487e-16
5047.833 6.3919e-16
5049.367 6.3278e-16
5050.901 6.277e-16
5052.436 6.4472e-16
5053.970 6.4487e-16
5055.504 6.4388e-16
5057.039 6.646e-16
5058.573 6.465e-16
5060.107 6.5238e-16
5061.642 6.8645e-16
5063.176 7.0051e-16
5064.710 6.7702e-16
5066.245 6.3844e-16
5067.779 6.2461e-16
5069.313 6.4283e-16
5070.848 6.1557e-16
5072.382 6.2621e-16
5073.916 6.3055e-16
5075.450 6.6199e-16
5076.984 6.8099e-16
5078.519 6.9189e-16
5080.053 6.8554e-16
5081.587 6.3963e-16
5083.122 6.678e-16
5084.656 7.0267e-16
5086.190 6.6904e-16
5087.725 6.752e-16
5089.259 6.8947e-16
5090.793 7.0155e-16
5092.328 7.1852e-16
5093.862 7.2443e-16
5095.396 7.8517e-16
5096.931 7.9651e-16
5098.465 7.6709e-16
5099.999 7.6982e-16
5101.533 7.8861e-16
5103.068 7.9073e-16
5104.602 7.7509e-16
5106.136 8.2051e-16
5107.670 8.2818e-16
5109.205 8.1616e-16
5110.739 7.9536e-16
5112.273 7.8448e-16
5113.808 7.6912e-16
5115.342 7.6907e-16
5116.876 7.2897e-16
5118.411 6.7995e-16
5119.945 6.5119e-16
5121.479 6.6057e-16
5123.014 6.4903e-16
5124.548 6.5673e-16
5126.082 6.8384e-16
5127.616 6.8218e-16
5129.151 6.7766e-16
5130.685 6.4692e-16
5132.219 6.3151e-16
5133.753 6.284e-16
5135.288 6.2044e-16
5136.822 6.2308e-16
5138.356 6.3093e-16
5139.891 6.2406e-16
5141.425 6.6992e-16
5142.959 7.1597e-16
5144.494 7.1528e-16
5146.028 6.9693e-16
5147.562 7.0579e-16
5149.097 6.9461e-16
5150.631 6.8531e-16
5152.165 6.6474e-16
5153.699 6.8702e-16
5155.234 6.7143e-16
5156.768 6.2288e-16
5158.302 6.3018e-16
5159.836 6.719e-16
5161.371 6.656e-16
5162.905 6.5555e-16
5164.439 6.4385e-16
5165.974 6.0474e-16
5167.508 5.948e-16
5169.042 6.0369e-16
5170.577 5.9553e-16
5172.111 5.9815e-16
5173.645 6.1739e-16
5175.180 6.6248e-16
5176.714 6.7198e-16
5178.248 6.717e-16
5179.782 6.7858e-16
5181.317 6.5645e-16
5182.851 6.6235e-16
5184.385 6.6849e-16
5185.919 6.4095e-16
5187.454 6.4571e-16
5188.988 6.3245e-16
5190.522 6.4538e-16
5192.057 6.718e-16
5193.591 6.8478e-16
5195.125 6.9038e-16
5196.660 7.1541e-16
5198.194 7.1519e-16
5199.728 6.8391e-16
5201.263 7.0718e-16
5202.797 6.719e-16
5204.331 6.567e-16
5205.865 6.7165e-16
5207.400 6.4937e-16
5208.934 6.4426e-16
5210.468 6.8843e-16
5212.002 7.0963e-16
5213.537 7.1722e-16
5215.071 6.5505e-16
5216.605 6.3791e-16
5218.140 6.3309e-16
5219.674 6.362e-16
5221.208 6.539e-16
5222.743 6.6709e-16
5224.277 7.0802e-16
5225.811 7.0675e-16
5227.346 6.8547e-16
5228.880 6.2886e-16
5230.414 6.1096e-16
5231.948 5.9669e-16
5233.483 6.072e-16
5235.017 6.0533e-16
5236.551 5.8095e-16
5238.085 6.1345e-16
5239.620 6.0837e-16
5241.154 6.3256e-16
5242.688 6.3045e-16
5244.223 6.2246e-16
5245.757 6.4878e-16
5247.292 6.4584e-16
5248.826 6.4289e-16
5250.360 6.4504e-16
5251.894 6.4539e-16
5253.429 6.6336e-16
5254.963 6.9774e-16
5256.497 6.8776e-16
5258.031 7.0907e-16
5259.566 7.4481e-16
5261.100 7.2699e-16
5262.634 7.1254e-16
5264.168 6.6902e-16
5265.703 6.4046e-16
5267.237 6.2933e-16
5268.771 6.0909e-16
5270.306 5.9609e-16
5271.840 6.1384e-16
5273.375 6.0021e-16
5274.909 5.9654e-16
5276.443 5.7819e-16
5277.977 5.9592e-16
5279.512 6.4142e-16
5281.046 6.0792e-16
5282.580 6.2618e-16
5284.114 6.5383e-16
5285.649 6.6367e-16
5287.183 6.4476e-16
5288.717 6.5075e-16
5290.251 6.2963e-16
5291.786 5.8374e-16
5293.320 5.6845e-16
5294.854 5.6708e-16
5296.389 5.4476e-16
5297.923 6.0225e-16
5299.458 6.5447e-16
5300.992 6.4457e-16
5302.526 6.3602e-16
5304.061 6.3155e-16
5305.595 6.3949e-16
5307.129 6.472e-16
5308.663 6.1194e-16
5310.197 6.3747e-16
5311.732 6.84e-16
5313.266 6.6203e-16
5314.800 6.6274e-16
5316.334 6.817e-16
5317.869 6.8383e-16
5319.403 6.6312e-16
5320.938 6.452e-16
5322.472 6.4236e-16
5324.006 6.3442e-16
5325.541 6.3354e-16
5327.075 6.3732e-16
5328.609 6.662e-16
5330.144 6.3482e-16
5331.678 6.2118e-16
5333.212 6.0188e-16
5334.746 6.2832e-16
5336.280 6.421e-16
5337.815 6.2236e-16
5339.349 5.9646e-16
5340.883 6.3417e-16
5342.417 6.3899e-16
5343.952 6.192e-16
5345.486 6.7187e-16
5347.021 6.7744e-16
5348.555 6.9073e-16
5350.089 6.7949e-16
5351.624 6.6673e-16
5353.158 6.4669e-16
5354.692 6.5664e-16
5356.227 5.9201e-16
5357.761 6.2084e-16
5359.295 6.4006e-16
5360.829 6.3414e-16
5362.363 6.3807e-16
5363.898 6.354e-16
5365.432 6.4107e-16
5366.966 6.386e-16
5368.500 6.2016e-16
5370.035 6.6811e-16
5371.569 6.8518e-16
5373.104 7.043e-16
5374.638 6.8366e-16
5376.172 7.0426e-16
5377.707 6.6974e-16
5379.241 6.6634e-16
5380.775 6.5028e-16
5382.310 6.2302e-16
5383.844 6.2153e-16
5385.378 6.7698e-16
5386.912 6.4802e-16
5388.447 5.8999e-16
5389.981 5.8698e-16
5391.515 6.1822e-16
5393.049 6.0728e-16
5394.583 6.2141e-16
5396.118 6.3249e-16
5397.652 6.4483e-16
5399.187 6.0727e-16
5400.721 6.2148e-16
5402.255 6.2778e-16
5403.790 6.2151e-16
5405.324 6.0976e-16
5406.858 6.328e-16
5408.393 6.4152e-16
5409.927 6.542e-16
5411.461 6.5043e-16
5412.995 6.557e-16
5414.530 6.4196e-16
5416.064 6.5717e-16
5417.598 6.8099e-16
5419.132 6.8339e-16
5420.667 6.7429e-16
5422.201 6.4933e-16
5423.735 6.6052e-16
5425.270 6.6448e-16
5426.804 5.7402e-16
5428.338 5.1073e-16
5429.873 5.5494e-16
5431.407 5.2013e-16
5432.941 5.3429e-16
5434.476 5.7247e-16
5436.010 5.7875e-16
5437.544 6.1192e-16
5439.078 6.2776e-16
5440.613 6.3448e-16
5442.147 5.8504e-16
5443.681 5.4884e-16
5445.215 5.2903e-16
5446.750 5.7583e-16
5448.284 5.6342e-16
5449.818 5.7157e-16
5451.353 6.2281e-16
5452.887 6.3983e-16
5454.421 6.2071e-16
5455.956 6.1322e-16
5457.490 6.1092e-16
5459.024 6.3496e-16
5460.559 6.5411e-16
5462.093 7.0814e-16
5463.627 7.4456e-16
5465.161 6.2315e-16
5466.696 6.3845e-16
5468.230 6.1309e-16
5469.764 5.9259e-16
5471.298 5.946e-16
5472.833 6.1556e-16
5474.367 6.3948e-16
5475.901 6.4139e-16
5477.436 6.2106e-16
5478.970 6.6177e-16
5480.504 6.4908e-16
5482.039 6.8531e-16
5483.573 6.7118e-16
5485.107 6.7587e-16
5486.642 6.7436e-16
5488.176 6.0195e-16
5489.710 5.7673e-16
5491.244 5.7592e-16
5492.779 6.2735e-16
5494.313 6.3932e-16
5495.847 6.8129e-16
5497.381 6.7489e-16
5498.916 6.804e-16
5500.450 6.7325e-16
5501.984 6.9392e-16
5503.519 6.855e-16
5505.053 6.8141e-16
5506.587 7.2568e-16
5508.122 7.1256e-16
5509.656 7.0743e-16
5511.190 7.1278e-16
5512.725 7.2204e-16
5514.259 6.9297e-16
5515.793 6.8462e-16
5517.327 7.1567e-16
5518.862 7.3269e-16
5520.396 7.2695e-16
5521.930 7.411e-16
5523.464 7.4723e-16
5524.999 7.2749e-16
5526.533 6.8694e-16
5528.067 6.7084e-16
5529.602 6.5366e-16
5531.136 6.2525e-16
5532.670 6.3324e-16
5534.205 6.1416e-16
5535.739 6.651e-16
5537.273 6.9172e-16
5538.808 7.1211e-16
5540.342 6.9336e-16
5541.876 6.9762e-16
5543.410 7.1983e-16
5544.945 7.3233e-16
5546.479 7.2715e-16
5548.013 7.3015e-16
5549.547 7.3799e-16
5551.082 7.484e-16
5552.616 7.6027e-16
5554.150 7.7192e-16
5555.685 7.8261e-16
5557.219 7.9562e-16
5558.753 7.5586e-16
5560.288 7.3102e-16
5561.822 7.6218e-16
5563.356 7.4318e-16
5564.891 7.2332e-16
5566.425 7.6648e-16
5567.959 7.8239e-16
5569.493 7.5927e-16
5571.028 7.7893e-16
5572.562 8.042e-16
5574.096 8.193e-16
5575.630 8.2571e-16
5577.165 8.0626e-16
5578.699 8.1232e-16
5580.233 8.1623e-16
5581.768 8.1489e-16
5583.302 7.7059e-16
5584.836 7.8162e-16
5586.371 8.0074e-16
5587.905 7.8e-16
5589.439 7.5064e-16
5590.974 7.4911e-16
5592.508 7.351e-16
5594.042 7.1643e-16
5595.576 7.0456e-16
5597.111 7.0957e-16
5598.645 7.5795e-16
5600.179 7.697e-16
5601.713 7.5245e-16
5603.248 7.4169e-16
5604.782 7.4693e-16
5606.316 7.6132e-16
5607.851 7.4135e-16
5609.385 7.361e-16
5610.919 7.5817e-16
5612.454 7.3278e-16
5613.988 7.4437e-16
5615.522 7.6634e-16
5617.057 7.5797e-16
5618.591 7.693e-16
5620.125 7.9048e-16
5621.659 7.8117e-16
5623.194 7.5952e-16
5624.728 7.89e-16
5626.262 8.2526e-16
5627.796 8.1346e-16
5629.331 7.645e-16
5630.865 7.5185e-16
5632.399 7.8245e-16
5633.934 7.864e-16
5635.468 7.5937e-16
5637.002 7.2e-16
5638.537 7.217e-16
5640.071 7.59e-16
5641.605 7.5244e-16
5643.140 7.3873e-16
5644.674 7.6218e-16
5646.208 7.9643e-16
5647.742 7.8342e-16
5649.277 7.7057e-16
5650.811 7.6372e-16
5652.345 7.7096e-16
5653.879 7.8043e-16
5655.414 7.6681e-16
5656.948 7.6475e-16
5658.482 7.5795e-16
5660.017 7.6997e-16
5661.551 7.5862e-16
5663.085 7.2713e-16
5664.620 7.2334e-16
5666.154 6.9864e-16
5667.688 7.087e-16
5669.223 7.4665e-16
5670.757 7.4075e-16
5672.291 7.241e-16
5673.825 7.1696e-16
5675.360 7.2119e-16
5676.894 7.0982e-16
5678.428 7.0136e-16
5679.962 7.1149e-16
5681.497 7.1349e-16
5683.031 7.3817e-16
5684.565 7.4627e-16
5686.100 7.5353e-16
5687.634 7.5251e-16
5689.168 7.6972e-16
5690.703 7.9501e-16
5692.237 7.7274e-16
5693.771 7.5575e-16
5695.306 7.4465e-16
5696.840 7.4857e-16
5698.374 7.5941e-16
5699.909 7.5705e-16
5701.443 7.6734e-16
5702.977 7.5308e-16
5704.511 7.3584e-16
5706.045 7.3289e-16
5707.580 7.4839e-16
5709.114 7.6741e-16
5710.648 7.7422e-16
5712.183 7.6647e-16
5713.717 7.8086e-16
5715.251 7.9475e-16
5716.786 7.9637e-16
5718.320 7.5972e-16
5719.854 7.2907e-16
5721.389 7.6087e-16
5722.923 7.6212e-16
5724.457 7.4323e-16
5725.992 7.4917e-16
5727.526 7.5091e-16
5729.060 7.3668e-16
5730.594 7.525e-16
5732.128 7.629e-16
5733.663 7.5424e-16
5735.197 7.5592e-16
5736.731 7.6375e-16
5738.266 7.6853e-16
5739.800 7.7492e-16
5741.334 7.8882e-16
5742.869 7.8151e-16
5744.403 7.6255e-16
5745.938 7.5026e-16
5747.472 7.5437e-16
5749.006 7.4312e-16
5750.540 7.236e-16
5752.075 7.3742e-16
5753.609 7.5121e-16
5755.143 7.5041e-16
5756.677 7.661e-16
5758.212 7.5215e-16
5759.746 7.4028e-16
5761.280 7.5411e-16
5762.814 7.5156e-16
5764.349 7.368e-16
5765.883 7.6022e-16
5767.417 8.1361e-16
5768.952 8.0783e-16
5770.486 7.8663e-16
5772.021 7.7878e-16
5773.555 7.7106e-16
5775.089 7.5239e-16
5776.623 7.476e-16
5778.158 7.5481e-16
5779.692 7.4576e-16
5781.226 7.5503e-16
5782.760 7.8211e-16
5784.295 7.8709e-16
5785.829 7.8003e-16
5787.363 7.7268e-16
5788.897 7.5541e-16
5790.432 7.6131e-16
5791.966 7.7892e-16
5793.500 7.8475e-16
5795.035 7.8097e-16
5796.569 7.7052e-16
5798.104 7.5772e-16
5799.638 7.6179e-16
5801.172 7.8222e-16
5802.706 7.8713e-16
5804.241 7.6515e-16
5805.775 7.6681e-16
5807.309 7.5667e-16
5808.843 7.4449e-16
5810.378 7.7773e-16
5811.912 8.0851e-16
5813.446 7.6812e-16
5814.980 7.5163e-16
5816.515 7.8163e-16
5818.049 7.8173e-16
5819.583 7.774e-16
5821.118 7.9434e-16
5822.652 7.8837e-16
5824.187 7.7514e-16
5825.721 7.9982e-16
5827.255 7.9861e-16
5828.789 7.7471e-16
5830.324 7.9728e-16
5831.858 8.1084e-16
5833.392 7.8528e-16
5834.926 7.8458e-16
5836.461 7.9676e-16
5837.995 7.7364e-16
5839.529 7.7858e-16
5841.063 7.7293e-16
5842.598 7.5543e-16
5844.132 7.7504e-16
5845.667 7.8898e-16
5847.201 7.6571e-16
5848.735 7.4794e-16
5850.270 7.613e-16
5851.804 7.6656e-16
5853.338 7.4322e-16
5854.872 7.6192e-16
5856.407 7.7854e-16
5857.941 7.8548e-16
5859.475 7.9789e-16
5861.009 7.7367e-16
5862.544 7.6067e-16
5864.078 7.7799e-16
5865.612 7.8068e-16
5867.146 7.4037e-16
5868.681 7.0674e-16
5870.215 7.536e-16
5871.750 7.5782e-16
5873.284 7.2552e-16
5874.818 7.417e-16
5876.353 7.7613e-16
5877.887 7.7509e-16
5879.421 7.7336e-16
5880.955 7.6694e-16
5882.490 7.4929e-16
5884.024 7.5663e-16
5885.558 7.841e-16
5887.092 7.9249e-16
5888.627 7.629e-16
5890.161 7.3393e-16
5891.695 7.3303e-16
5893.229 7.3725e-16
5894.764 7.369e-16
5896.298 7.0799e-16
5897.833 7.0599e-16
5899.367 6.9322e-16
5900.901 7.3364e-16
5902.436 7.7312e-16
5903.970 7.8064e-16
5905.504 7.7108e-16
5907.038 7.8458e-16
5908.573 7.9842e-16
5910.107 7.8191e-16
5911.641 7.6454e-16
5913.175 7.6185e-16
5914.710 7.8942e-16
5916.244 7.9537e-16
5917.778 8.096e-16
5919.312 7.9538e-16
5920.847 7.6407e-16
5922.381 7.7192e-16
5923.916 7.8538e-16
5925.450 7.7542e-16
5926.984 7.5249e-16
5928.519 7.7153e-16
5930.053 7.8456e-16
5931.587 7.6625e-16
5933.121 7.6764e-16
5934.656 7.4599e-16
5936.190 7.5268e-16
5937.724 7.5935e-16
5939.258 7.4094e-16
5940.793 7.4062e-16
5942.327 7.4155e-16
5943.861 7.4533e-16
5945.396 7.4431e-16
5946.930 7.4023e-16
5948.464 7.5801e-16
5949.999 7.6598e-16
5951.533 7.6194e-16
5953.067 7.7469e-16
5954.602 7.8669e-16
5956.136 7.7883e-16
5957.670 7.7576e-16
5959.204 7.8959e-16
5960.739 8.0067e-16
5962.273 7.8849e-16
5963.807 7.9733e-16
5965.341 7.944e-16
5966.876 7.6571e-16
5968.410 7.7552e-16
5969.944 7.9894e-16
5971.479 7.8931e-16
5973.013 7.922e-16
5974.547 8.0128e-16
5976.082 7.9972e-16
5977.616 8.2069e-16
5979.150 8.2266e-16
5980.685 8.0005e-16
5982.219 7.9859e-16
5983.753 7.999e-16
5985.288 7.8236e-16
5986.822 7.7688e-16
5988.356 7.7993e-16
5989.890 7.8008e-16
5991.424 7.7854e-16
5992.959 7.6928e-16
5994.493 7.4897e-16
5996.027 7.4127e-16
5997.562 7.4929e-16
5999.096 7.5228e-16
6000.630 7.6388e-16
6002.165 7.9259e-16
6003.699 8.0444e-16
6005.233 7.9708e-16
6006.768 8.149e-16
6008.302 8.3017e-16
6009.836 8.2795e-16
6011.371 8.113e-16
6012.905 8.0327e-16
6014.439 8.0153e-16
6015.973 8.0917e-16
6017.507 8.1944e-16
6019.042 8.0071e-16
6020.576 8.0199e-16
6022.110 8.3318e-16
6023.645 8.3065e-16
6025.179 8.2379e-16
6026.713 8.3467e-16
6028.248 8.2606e-16
6029.782 8.2493e-16
6031.316 8.5373e-16
6032.851 8.3852e-16
6034.385 7.9771e-16
6035.919 8.1113e-16
6037.454 8.1648e-16
6038.988 7.9326e-16
6040.522 7.851e-16
6042.056 7.8288e-16
6043.590 8.039e-16
6045.125 7.9015e-16
6046.659 7.7035e-16
6048.193 7.9888e-16
6049.728 7.9682e-16
6051.262 7.8209e-16
6052.796 7.7532e-16
6054.331 7.824e-16
6055.865 8.0714e-16
6057.399 8.299e-16
6058.934 8.2428e-16
6060.468 8.1892e-16
6062.002 8.1799e-16
6063.537 8.0619e-16
6065.071 8.0763e-16
6066.605 7.9472e-16
6068.139 7.7813e-16
6069.674 7.7438e-16
6071.208 7.7748e-16
6072.742 7.7083e-16
6074.276 7.5401e-16
6075.811 7.7047e-16
6077.345 7.9013e-16
6078.879 7.8979e-16
6080.414 7.9257e-16
6081.948 8.17e-16
6083.482 8.1506e-16
6085.017 8.1671e-16
6086.551 8.2309e-16
6088.085 8.0943e-16
6089.620 7.9611e-16
6091.154 8.4015e-16
6092.688 8.5573e-16
6094.222 8.139e-16
6095.757 8.0189e-16
6097.291 8.0161e-16
6098.825 8.0807e-16
6100.359 8.0476e-16
6101.894 8.2099e-16
6103.428 8.0132e-16
6104.962 7.9797e-16
6106.497 8.0133e-16
6108.031 8.2614e-16
6109.565 8.2404e-16
6111.100 8.0965e-16
6112.634 8.1512e-16
6114.168 8.223e-16
6115.703 8.3278e-16
6117.237 8.5123e-16
6118.771 8.4456e-16
6120.305 8.2015e-16
6121.840 8.2499e-16
6123.374 8.162e-16
6124.908 7.9269e-16
6126.442 8.182e-16
6127.977 8.2059e-16
6129.511 8.0546e-16
6131.045 8.1926e-16
6132.580 8.2734e-16
6134.114 8.3499e-16
6135.648 8.4125e-16
6137.183 8.4093e-16
6138.717 8.4572e-16
6140.251 8.4046e-16
6141.786 8.3194e-16
6143.320 8.1633e-16
6144.854 7.8909e-16
6146.388 7.8895e-16
6147.923 7.7286e-16
6149.457 7.9448e-16
6150.991 7.9177e-16
6152.525 7.7169e-16
6154.060 7.8937e-16
6155.594 8.0416e-16
6157.128 8.109e-16
6158.663 8.2381e-16
6160.197 8.3348e-16
6161.731 8.4352e-16
6163.266 8.4866e-16
6164.800 8.4908e-16
6166.334 8.356e-16
6167.869 8.2764e-16
6169.403 8.3799e-16
6170.937 8.5271e-16
6172.471 8.4577e-16
6174.006 8.2464e-16
6175.540 8.1395e-16
6177.074 8.2414e-16
6178.608 8.2547e-16
6180.143 8.0596e-16
6181.677 7.6947e-16
6183.211 7.2988e-16
6184.746 7.1928e-16
6186.280 7.1827e-16
6187.814 6.9586e-16
6189.349 7.1014e-16
6190.883 7.1366e-16
6192.417 7.0071e-16
6193.952 7.1426e-16
6195.486 7.5269e-16
6197.020 7.8287e-16
6198.554 7.8496e-16
6200.089 7.7585e-16
6201.623 7.8264e-16
6203.157 7.7615e-16
6204.691 7.8565e-16
6206.226 7.9579e-16
6207.760 7.9236e-16
6209.294 8.0264e-16
6210.829 7.8862e-16
6212.363 7.6222e-16
6213.897 7.5959e-16
6215.432 7.9102e-16
6216.966 8.0138e-16
6218.500 7.9799e-16
6220.035 7.9311e-16
6221.569 7.8853e-16
6223.103 8.035e-16
6224.637 8.0853e-16
6226.172 7.9411e-16
6227.706 7.8372e-16
6229.240 7.7781e-16
6230.774 7.8371e-16
6232.309 7.901e-16
6233.843 7.9062e-16
6235.377 7.8911e-16
6236.912 7.8935e-16
6238.446 7.9177e-16
6239.980 8.0464e-16
6241.515 7.9428e-16
6243.049 7.7896e-16
6244.583 8.0211e-16
6246.118 8.0792e-16
6247.652 7.881e-16
6249.186 7.7881e-16
6250.720 7.6805e-16
6252.255 7.5788e-16
6253.789 7.9319e-16
6255.323 8.0474e-16
6256.857 7.6856e-16
6258.392 7.8788e-16
6259.926 8.1622e-16
6261.460 7.9338e-16
6262.995 7.7721e-16
6264.529 7.7688e-16
6266.063 7.9446e-16
6267.598 8.1423e-16
6269.132 8.0814e-16
6270.667 8.0059e-16
6272.201 8.0235e-16
6273.735 8.089e-16
6275.269 8.0026e-16
6276.803 7.7681e-16
6278.338 7.7053e-16
6279.872 7.7389e-16
6281.406 7.5529e-16
6282.940 7.4364e-16
6284.475 7.6405e-16
6286.009 7.7276e-16
6287.543 7.778e-16
6289.078 7.8269e-16
6290.612 7.6465e-16
6292.146 7.7645e-16
6293.681 7.9433e-16
6295.215 8.0576e-16
6296.750 8.3726e-16
6298.284 8.1748e-16
6299.818 8.0047e-16
6301.352 8.0079e-16
6302.886 7.7897e-16
6304.421 7.6412e-16
6305.955 7.5253e-16
6307.489 7.6019e-16
6309.023 7.699e-16
6310.558 7.7863e-16
6312.092 7.7649e-16
6313.626 7.7483e-16
6315.161 7.7201e-16
6316.695 7.627e-16
6318.229 7.6681e-16
6319.764 7.6292e-16
6321.298 7.6079e-16
6322.833 7.8884e-16
6324.367 7.8763e-16
6325.901 7.8212e-16
6327.435 7.9432e-16
6328.969 7.9888e-16
6330.504 8.0295e-16
6332.038 8.2126e-16
6333.572 8.2853e-16
6335.106 8.3061e-16
6336.641 8.2324e-16
6338.175 8.1069e-16
6339.709 8.0149e-16
6341.244 8.0928e-16
6342.778 8.2602e-16
6344.312 8.2397e-16
6345.847 8.086e-16
6347.381 8.2127e-16
6348.916 8.3115e-16
6350.450 8.0472e-16
6351.984 8.0134e-16
6353.518 8.2631e-16
6355.053 8.264e-16
6356.587 8.129e-16
6358.121 8.1194e-16
6359.655 8.1441e-16
6361.189 8.3108e-16
6362.724 8.4538e-16
6364.258 8.1104e-16
6365.792 7.8737e-16
6367.327 7.8947e-16
6368.861 8.0318e-16
6370.396 8.0333e-16
6371.930 8.1664e-16
6373.464 8.2292e-16
6374.999 8.1578e-16
6376.533 8.3306e-16
6378.067 8.3723e-16
6379.601 8.1436e-16
6381.136 8.1509e-16
6382.670 8.1676e-16
6384.204 8.1614e-16
6385.738 8.2476e-16
6387.272 8.2677e-16
6388.807 8.1342e-16
6390.341 8.1792e-16
6391.875 8.5216e-16
6393.410 8.3702e-16
6394.944 7.9419e-16
6396.479 8.0159e-16
6398.013 8.1284e-16
6399.547 8.0595e-16
6401.082 8.139e-16
6402.616 8.2673e-16
6404.150 7.9756e-16
6405.684 7.9808e-16
6407.219 7.9911e-16
6408.753 7.7836e-16
6410.287 7.7287e-16
6411.821 7.8778e-16
6413.355 7.8034e-16
6414.890 7.9188e-16
6416.424 8.2238e-16
6417.958 8.2901e-16
6419.493 8.3827e-16
6421.027 8.3517e-16
6422.562 8.1227e-16
6424.096 7.8113e-16
6425.630 7.8732e-16
6427.165 7.9119e-16
6428.699 7.8363e-16
6430.233 7.8249e-16
6431.767 7.8037e-16
6433.302 7.8068e-16
6434.836 7.8258e-16
6436.370 7.9616e-16
6437.904 7.9608e-16
6439.439 7.9001e-16
6440.973 7.9897e-16
6442.507 7.8982e-16
6444.042 7.8402e-16
6445.576 7.7484e-16
6447.110 7.7415e-16
6448.645 7.8677e-16
6450.179 7.9142e-16
6451.713 7.9135e-16
6453.248 8.0272e-16
6454.782 7.9922e-16
6456.316 7.8906e-16
6457.850 7.8715e-16
6459.385 7.8189e-16
6460.919 7.8815e-16
6462.453 7.81e-16
6463.987 7.6323e-16
6465.522 7.706e-16
6467.056 7.6078e-16
6468.590 7.3556e-16
6470.125 7.1164e-16
6471.659 7.0704e-16
6473.193 7.0921e-16
6474.728 7.0865e-16
6476.262 7.4268e-16
6477.796 7.5822e-16
6479.331 7.3944e-16
6480.865 7.3297e-16
6482.399 7.345e-16
6483.933 7.4371e-16
6485.468 7.6877e-16
6487.002 7.8044e-16
6488.536 7.6985e-16
6490.070 7.7817e-16
6491.605 7.8378e-16
6493.139 7.722e-16
6494.673 7.822e-16
6496.208 7.812e-16
6497.742 7.629e-16
6499.276 7.4686e-16
6500.811 7.4214e-16
6502.345 7.4038e-16
6503.879 7.2295e-16
6505.414 7.5359e-16
6506.948 7.7124e-16
6508.482 7.7942e-16
6510.016 7.8329e-16
6511.551 7.7044e-16
6513.085 7.5349e-16
6514.619 7.4152e-16
6516.153 7.5165e-16
6517.688 7.7501e-16
6519.222 7.8379e-16
6520.756 7.8056e-16
6522.291 7.5372e-16
6523.825 7.2821e-16
6525.359 7.3764e-16
6526.894 7.2437e-16
6528.428 7.1813e-16
6529.962 7.3172e-16
6531.497 7.4176e-16
6533.031 7.5751e-16
6534.565 7.6467e-16
6536.099 7.5986e-16
6537.634 7.4889e-16
6539.168 7.4489e-16
6540.702 7.5401e-16
6542.236 7.7057e-16
6543.771 7.6382e-16
6545.305 7.6715e-16
6546.839 7.7183e-16
6548.374 7.822e-16
6549.908 8.1308e-16
6551.442 7.989e-16
6552.977 7.8491e-16
6554.511 7.9774e-16
6556.045 8.087e-16
6557.580 8.3479e-16
6559.114 8.5187e-16
6560.648 8.554e-16
6562.182 8.4659e-16
6563.717 8.4186e-16
6565.251 8.5804e-16
6566.785 8.5626e-16
6568.319 8.1907e-16
6569.854 7.9635e-16
6571.388 7.8269e-16
6572.922 7.6114e-16
6574.457 7.6699e-16
6575.991 7.9076e-16
6577.525 7.9745e-16
6579.060 7.8582e-16
6580.594 7.7077e-16
6582.128 7.6361e-16
6583.663 7.6576e-16
6585.197 7.7289e-16
6586.731 7.6904e-16
6588.265 7.6341e-16
6589.800 7.7033e-16
6591.334 7.7048e-16
6592.868 7.6701e-16
6594.402 7.6995e-16
6595.937 7.6834e-16
6597.471 7.5587e-16
6599.005 7.5254e-16
6600.540 7.6829e-16
6602.074 7.6917e-16
6603.608 7.7422e-16
6605.143 7.7901e-16
6606.677 7.7688e-16
6608.211 7.748e-16
6609.746 7.7497e-16
6611.280 7.7634e-16
6612.814 7.7177e-16
6614.348 7.8782e-16
6615.883 7.9342e-16
6617.417 7.9163e-16
6618.951 7.7858e-16
6620.485 7.8288e-16
6622.020 7.8934e-16
6623.554 7.7397e-16
6625.088 7.7897e-16
6626.623 7.9155e-16
6628.157 7.7006e-16
6629.691 7.6708e-16
6631.226 7.6143e-16
6632.760 7.4381e-16
6634.294 7.533e-16
6635.829 7.4388e-16
6637.363 7.5759e-16
6638.897 7.8116e-16
6640.431 7.9283e-16
6641.966 7.8829e-16
6643.500 7.9297e-16
6645.034 8.0987e-16
6646.568 8.106e-16
6648.103 7.9661e-16
6649.637 7.8073e-16
6651.171 7.698e-16
6652.706 7.6447e-16
6654.240 7.6674e-16
6655.774 7.5271e-16
6657.309 7.6476e-16
6658.843 7.8924e-16
6660.377 7.8724e-16
6661.912 7.6987e-16
6663.446 7.8475e-16
6664.980 7.8324e-16
6666.515 7.757e-16
6668.049 7.8055e-16
6669.583 7.7849e-16
6671.117 7.842e-16
6672.651 7.9063e-16
6674.186 7.9192e-16
6675.720 7.7857e-16
6677.254 7.596e-16
6678.789 7.5678e-16
6680.323 7.5665e-16
6681.857 7.4459e-16
6683.392 7.5352e-16
6684.926 7.7541e-16
6686.460 8.0032e-16
6687.995 8.1022e-16
6689.529 8.2275e-16
6691.063 8.1168e-16
6692.598 8.0626e-16
6694.132 8.0965e-16
6695.666 8.145e-16
6697.200 8.0796e-16
6698.734 8.0654e-16
6700.269 8e-16
6701.803 8.0367e-16
6703.337 8.2603e-16
6704.872 8.173e-16
6706.406 8.1124e-16
6707.940 8.1113e-16
6709.475 7.9654e-16
6711.009 7.9146e-16
6712.543 7.9647e-16
6714.078 7.7956e-16
6715.612 7.5867e-16
6717.146 7.6708e-16
6718.681 7.6706e-16
6720.215 7.7248e-16
6721.749 7.8481e-16
6723.283 7.8105e-16
6724.818 7.8458e-16
6726.352 7.9073e-16
6727.886 7.8674e-16
6729.420 7.8648e-16
6730.955 8.0465e-16
6732.489 7.9907e-16
6734.023 7.7707e-16
6735.558 7.6942e-16
6737.092 7.6756e-16
6738.626 7.6574e-16
6740.161 7.6933e-16
6741.695 7.7014e-16
6743.229 7.8391e-16
6744.764 7.9746e-16
6746.298 8.0451e-16
6747.832 8.0303e-16
6749.366 7.9151e-16
6750.901 8.0092e-16
6752.435 8.2209e-16
6753.969 8.1319e-16
6755.503 7.8127e-16
6757.038 7.8587e-16
6758.572 7.9198e-16
6760.106 7.8734e-16
6761.641 7.8497e-16
6763.175 7.848e-16
6764.709 7.9082e-16
6766.244 8.1747e-16
6767.778 8.1323e-16
6769.312 8.0356e-16
6770.847 7.8356e-16
6772.381 7.6592e-16
6773.915 7.715e-16
6775.449 7.6875e-16
6776.984 7.736e-16
6778.518 7.8054e-16
6780.052 7.8951e-16
6781.586 8.0199e-16
6783.121 8.0342e-16
6784.655 8.0291e-16
6786.189 7.9371e-16
6787.724 7.8805e-16
6789.258 8.0309e-16
6790.792 8.0332e-16
6792.327 8.1088e-16
6793.861 8.2034e-16
6795.395 8.1e-16
6796.930 8.1251e-16
6798.464 8.1903e-16
6799.998 8.1197e-16
6801.532 8.1422e-16
6803.067 8.2201e-16
6804.601 7.9558e-16
6806.135 7.8852e-16
6807.669 7.9057e-16
6809.204 7.9479e-16
6810.738 7.9227e-16
6812.272 7.9293e-16
6813.807 7.9228e-16
6815.341 7.868e-16
6816.875 7.8178e-16
6818.410 7.5983e-16
6819.944 7.3123e-16
6821.478 7.2961e-16
6823.013 7.6005e-16
6824.547 7.7334e-16
6826.081 7.9172e-16
6827.615 8.0269e-16
6829.150 8.1804e-16
6830.684 8.1614e-16
6832.218 8.2953e-16
6833.752 8.4138e-16
6835.287 8.4243e-16
6836.821 8.3701e-16
6838.355 8.447e-16
6839.890 8.6137e-16
6841.424 8.472e-16
6842.958 8.4865e-16
6844.493 8.4925e-16
6846.027 8.4599e-16
6847.561 8.614e-16
6849.096 8.7456e-16
6850.630 8.8053e-16
6852.164 9.0445e-16
6853.698 9.0869e-16
6855.233 9.1022e-16
6856.767 9.319e-16
6858.301 9.4122e-16
6859.835 9.4662e-16
6861.370 9.8319e-16
6862.904 1.0056e-15
6864.438 1.0031e-15
6865.973 1.0128e-15
6867.507 1.0432e-15
6869.042 1.0658e-15
6870.576 1.1045e-15
6872.110 1.1453e-15
6873.644 1.2299e-15
6875.179 1.2981e-15
6876.713 1.3392e-15
6878.247 1.4368e-15
6879.781 1.3813e-15
6881.316 1.3891e-15
6882.850 1.481e-15
6884.384 1.3915e-15
6885.918 1.3461e-15
6887.453 1.5431e-15
6888.987 1.6746e-15
6890.521 1.646e-15
6892.056 1.6995e-15
6893.590 1.648e-15
6895.125 1.5754e-15
6896.659 1.4736e-15
6898.193 1.5127e-15
6899.727 1.4867e-15
6901.262 1.4572e-15
6902.796 1.4373e-15
6904.330 1.4498e-15
6905.864 1.4141e-15
6907.399 1.382e-15
6908.933 1.3715e-15
6910.467 1.3336e-15
6912.001 1.3537e-15
6913.536 1.323e-15
6915.070 1.2453e-15
6916.604 1.1451e-15
6918.139 1.0468e-15
6919.673 9.7334e-16
6921.208 9.2818e-16
6922.742 9.2155e-16
6924.276 8.8743e-16
6925.810 8.7882e-16
6927.345 8.7701e-16
6928.879 8.6198e-16
6930.413 8.7267e-16
6931.947 8.7359e-16
6933.482 8.7158e-16
6935.016 8.5695e-16
6936.550 8.4179e-16
6938.084 8.5074e-16
6939.619 8.4858e-16
6941.153 8.4576e-16
6942.688 8.3152e-16
6944.222 8.2374e-16
6945.756 8.543e-16
6947.291 8.4091e-16
6948.825 8.2179e-16
6950.359 8.1199e-16
6951.894 8.1572e-16
6953.428 8.0922e-16
6954.962 8.047e-16
6956.496 8.0452e-16
6958.030 8.1126e-16
6959.565 8.1438e-16
6961.099 7.9418e-16
6962.633 7.8685e-16
6964.167 7.8897e-16
6965.702 7.7933e-16
6967.236 7.9887e-16
6968.771 8.0349e-16
6970.305 7.9849e-16
6971.839 8.0247e-16
6973.374 8.0254e-16
6974.908 8.0362e-16
6976.442 7.9988e-16
6977.977 7.8607e-16
6979.511 7.7992e-16
6981.045 7.9991e-16
6982.579 8.1135e-16
6984.113 7.9833e-16
6985.648 8.0884e-16
6987.182 8.1081e-16
6988.716 7.9449e-16
6990.250 7.9486e-16
6991.785 8.1587e-16
6993.319 8.0439e-16
6994.854 7.788e-16
6996.388 7.6044e-16
6997.922 7.6335e-16
6999.457 7.7008e-16
7000.991 7.7467e-16
7002.525 7.8278e-16
7004.060 7.8919e-16
7005.594 7.9177e-16
7007.128 7.9688e-16
7008.662 7.9354e-16
7010.196 8.1325e-16
7011.731 8.1055e-16
7013.265 7.7608e-16
7014.799 7.7133e-16
7016.333 7.8785e-16
7017.868 7.9426e-16
7019.402 7.8897e-16
7020.937 7.9849e-16
7022.471 8.0217e-16
7024.005 7.8703e-16
7025.540 7.9755e-16
7027.074 7.891e-16
7028.608 7.7586e-16
7030.143 7.7189e-16
7031.677 7.7321e-16
7033.211 7.699e-16
7034.745 7.6863e-16
7036.280 7.886e-16
7037.814 8.0407e-16
7039.348 7.7984e-16
7040.882 7.8508e-16
7042.417 7.911e-16
7043.951 7.8707e-16
7045.485 7.91e-16
7047.020 8.032e-16
7048.554 8.2441e-16
7050.088 8.5573e-16
7051.623 8.9321e-16
7053.157 9.0098e-16
7054.691 8.7556e-16
7056.226 8.3862e-16
7057.760 8.1817e-16
7059.294 8.0942e-16
7060.828 8.0495e-16
7062.363 8.015e-16
7063.897 8.2251e-16
7065.431 8.6135e-16
7066.965 8.8932e-16
7068.500 8.9398e-16
7070.034 8.7163e-16
7071.568 8.249e-16
7073.103 7.7644e-16
7074.637 7.739e-16
7076.171 7.8528e-16
7077.706 7.7317e-16
7079.240 7.6175e-16
7080.774 7.7687e-16
7082.309 7.7567e-16
7083.843 7.6289e-16
7085.377 7.6862e-16
7086.911 7.5705e-16
7088.446 7.4847e-16
7089.980 7.5877e-16
7091.514 7.6804e-16
7093.048 7.7851e-16
7094.583 7.8032e-16
7096.117 7.7525e-16
7097.651 7.7313e-16
7099.186 7.7886e-16
7100.720 7.8862e-16
7102.254 7.8107e-16
7103.789 7.6744e-16
7105.323 7.652e-16
7106.857 7.8135e-16
7108.392 7.8202e-16
7109.926 7.8219e-16
7111.460 7.6919e-16
7112.994 7.5933e-16
7114.529 7.811e-16
7116.063 8.0143e-16
7117.597 7.8157e-16
7119.131 7.7376e-16
7120.666 7.8049e-16
7122.200 7.8401e-16
7123.734 7.697e-16
7125.269 7.6231e-16
7126.803 7.81e-16
7128.337 7.8051e-16
7129.872 7.7795e-16
7131.406 7.884e-16
7132.940 7.8117e-16
7134.475 7.6909e-16
7136.009 7.7073e-16
7137.543 7.7832e-16
7139.077 7.7712e-16
7140.612 7.7719e-16
7142.146 7.7095e-16
7143.680 7.6937e-16
7145.214 7.8978e-16
7146.749 8.0089e-16
7148.283 7.9152e-16
7149.817 7.8502e-16
7151.352 7.8456e-16
7152.886 7.8681e-16
7154.420 7.867e-16
7155.955 7.8148e-16
7157.489 7.9094e-16
7159.023 7.9714e-16
7160.558 7.9746e-16
7162.092 7.9927e-16
7163.626 7.997e-16
7165.160 8.0641e-16
7166.695 8.0043e-16
7168.229 7.8854e-16
7169.763 7.9533e-16
7171.297 8.0469e-16
7172.832 8.0017e-16
7174.366 7.8724e-16
7175.900 7.8974e-16
7177.435 8.1073e-16
7178.969 7.9823e-16
7180.503 7.8095e-16
7182.038 7.7777e-16
7183.572 7.8209e-16
7185.106 7.9295e-16
7186.641 7.7366e-16
7188.175 7.6641e-16
7189.709 7.6998e-16
7191.243 7.6595e-16
7192.778 7.8511e-16
7194.312 7.8727e-16
7195.846 7.7505e-16
7197.380 7.6954e-16
7198.915 7.7119e-16
7200.449 7.7397e-16
7201.983 7.608e-16
7203.518 7.695e-16
7205.052 7.8555e-16
7206.586 7.8808e-16
7208.121 7.9531e-16
7209.655 7.8705e-16
7211.189 7.8494e-16
7212.724 7.9556e-16
7214.258 7.9922e-16
7215.792 7.9266e-16
7217.326 7.8856e-16
7218.861 8.0165e-16
7220.395 8.0413e-16
7221.929 7.9238e-16
7223.463 7.8297e-16
7224.998 7.8709e-16
7226.532 7.9046e-16
7228.066 7.8187e-16
7229.601 7.8694e-16
7231.135 8.0264e-16
7232.669 7.9201e-16
7234.204 8.0073e-16
7235.738 8.1632e-16
7237.272 7.9491e-16
7238.807 7.988e-16
7240.341 8.2577e-16
7241.875 8.218e-16
7243.409 8.0437e-16
7244.944 8.1282e-16
7246.478 8.1424e-16
7248.012 7.9423e-16
7249.546 7.883e-16
7251.081 7.8932e-16
7252.615 7.9509e-16
7254.149 7.9577e-16
7255.684 7.8414e-16
7257.218 7.9203e-16
7258.752 8.0171e-16
7260.287 7.8457e-16
7261.821 7.876e-16
7263.355 7.9458e-16
7264.890 7.9238e-16
7266.424 7.9186e-16
7267.958 7.8133e-16
7269.492 7.8678e-16
7271.027 7.9452e-16
7272.561 7.9951e-16
7274.095 8.1132e-16
7275.629 8.1671e-16
7277.164 7.9907e-16
7278.698 7.6836e-16
7280.232 7.6539e-16
7281.767 7.7239e-16
7283.301 7.8297e-16
7284.835 8.0302e-16
7286.370 7.9287e-16
7287.904 7.8028e-16
7289.438 7.6901e-16
7290.973 7.7988e-16
7292.507 7.9314e-16
7294.041 7.9464e-16
7295.575 7.82e-16
7297.110 7.7297e-16
7298.644 7.7885e-16
7300.178 7.8509e-16
7301.712 7.897e-16
7303.247 7.943e-16
7304.781 8.0423e-16
7306.315 7.8613e-16
7307.850 7.802e-16
7309.384 7.7943e-16
7310.918 7.8466e-16
7312.453 7.939e-16
7313.987 7.9032e-16
7315.521 8.0098e-16
7317.056 8.1265e-16
7318.590 7.9832e-16
7320.124 7.9973e-16
7321.659 7.9061e-16
7323.193 7.6934e-16
7324.727 7.6668e-16
7326.261 7.7226e-16
7327.795 7.6136e-16
7329.330 7.5515e-16
7330.864 7.4605e-16
7332.398 7.6344e-16
7333.933 7.8744e-16
7335.467 7.9766e-16
7337.001 8.0539e-16
7338.536 7.9815e-16
7340.070 7.77e-16
7341.604 8.118e-16
7343.139 8.0284e-16
7344.673 7.6237e-16
7346.207 7.6792e-16
7347.742 7.8503e-16
7349.276 7.8061e-16
7350.810 7.75e-16
7352.344 7.7924e-16
7353.878 7.8448e-16
7355.413 7.9735e-16
7356.947 8.0329e-16
7358.481 7.9013e-16
7360.016 7.8368e-16
7361.550 7.7936e-16
7363.084 7.9011e-16
7364.619 7.9005e-16
7366.153 7.9079e-16
7367.688 7.7344e-16
7369.222 7.6956e-16
7370.756 7.7678e-16
7372.290 7.5473e-16
7373.825 7.6278e-16
7375.359 7.8856e-16
7376.893 7.8287e-16
7378.427 7.6691e-16
7379.961 7.7813e-16
7381.496 7.9293e-16
7383.030 7.8499e-16
7384.564 8.0663e-16
7386.099 9.1484e-16
7387.633 8.8467e-16
7389.167 7.19e-16
7390.702 7.9746e-16
7392.236 8.103e-16
7393.771 8.1021e-16
7395.305 8.0555e-16
7396.839 8.1098e-16
7398.373 8.3595e-16
7399.908 8.3999e-16
7401.442 8.1756e-16
7402.976 8.1825e-16
7404.510 8.1101e-16
7406.045 7.9504e-16
7407.579 7.8852e-16
7409.113 7.7921e-16
7410.647 7.8636e-16
7412.182 7.8552e-16
7413.716 7.6908e-16
7415.250 7.6841e-16
7416.785 7.7123e-16
7418.319 7.7075e-16
7419.854 7.7315e-16
7421.388 7.7661e-16
7422.922 7.7044e-16
7424.456 7.9495e-16
7425.991 8.7771e-16
7427.525 8.1589e-16
7429.059 6.9741e-16
7430.593 8.3811e-16
7432.128 8.6515e-16
7433.662 8.0303e-16
7435.196 8.0363e-16
7436.730 7.8882e-16
7438.265 7.6839e-16
7439.799 7.6046e-16
7441.333 7.5596e-16
7442.868 7.464e-16
7444.402 7.3498e-16
7445.937 7.4325e-16
7447.471 7.3438e-16
7449.005 7.4642e-16
7450.539 7.4794e-16
7452.074 7.4592e-16
7453.608 7.662e-16
7455.142 7.7749e-16
7456.676 7.6665e-16
7458.211 7.598e-16
7459.745 7.4744e-16
7461.279 7.5281e-16
7462.813 7.48e-16
7464.348 7.5367e-16
7465.882 7.5431e-16
7467.417 7.4237e-16
7468.951 7.452e-16
7470.485 7.5523e-16
7472.020 7.3762e-16
7473.554 7.302e-16
7475.088 7.5738e-16
7476.622 7.4208e-16
7478.157 7.4565e-16
7479.691 7.529e-16
7481.225 7.3108e-16
7482.759 7.2257e-16
7484.294 7.2077e-16
7485.828 7.2677e-16
7487.362 7.3267e-16
7488.896 7.4416e-16
7490.431 7.4056e-16
7491.965 7.3931e-16
7493.500 7.5465e-16
7495.034 7.6826e-16
7496.568 7.531e-16
7498.103 7.4519e-16
7499.637 7.5079e-16
7501.171 7.4819e-16
7502.705 7.3831e-16
7504.240 7.4975e-16
7505.774 7.5982e-16
7507.308 7.5055e-16
7508.842 7.3382e-16
7510.377 7.283e-16
7511.911 7.3768e-16
7513.445 7.5245e-16
7514.979 7.5182e-16
7516.514 7.4038e-16
7518.048 7.5467e-16
7519.583 7.7052e-16
7521.117 7.5606e-16
7522.651 7.3605e-16
7524.186 7.2087e-16
7525.720 7.3445e-16
7527.254 7.6477e-16
7528.788 7.6611e-16
7530.323 7.613e-16
7531.857 7.6731e-16
7533.391 7.6256e-16
7534.925 7.4107e-16
7536.460 7.2837e-16
7537.994 7.4604e-16
7539.528 7.6544e-16
7541.062 7.4469e-16
7542.597 7.243e-16
7544.131 7.3425e-16
7545.666 7.5154e-16
7547.200 7.567e-16
7548.734 7.5223e-16
7550.269 7.3308e-16
7551.803 7.272e-16
7553.337 7.3672e-16
7554.871 7.3939e-16
7556.406 7.3411e-16
7557.940 7.341e-16
7559.474 7.3208e-16
7561.008 7.2816e-16
7562.543 7.3596e-16
7564.077 7.5627e-16
7565.611 7.5452e-16
7567.146 7.4356e-16
7568.680 7.5148e-16
7570.214 7.4826e-16
7571.749 7.3803e-16
7573.283 7.3438e-16
7574.817 7.3146e-16
7576.352 7.2974e-16
7577.886 7.4048e-16
7579.420 7.5807e-16
7580.954 7.5695e-16
7582.489 7.5596e-16
7584.023 7.6837e-16
7585.557 7.6274e-16
7587.091 7.5417e-16
7588.626 7.547e-16
7590.160 7.6488e-16
7591.694 7.8491e-16
7593.229 8.1504e-16
7594.763 8.2759e-16
7596.297 7.8835e-16
7597.832 7.7951e-16
7599.366 8.1335e-16
7600.900 7.9641e-16
7602.435 7.2161e-16
7603.969 6.7674e-16
7605.503 6.8968e-16
7607.037 7.4328e-16
7608.572 7.4085e-16
7610.106 6.9681e-16
7611.640 6.8465e-16
7613.174 6.9525e-16
7614.709 7.0904e-16
7616.243 7.3448e-16
7617.777 7.4776e-16
7619.312 7.5791e-16
7620.846 7.5333e-16
7622.380 7.5624e-16
7623.915 7.6282e-16
7625.449 7.3507e-16
7626.983 7.2981e-16
7628.518 7.5214e-16
7630.052 7.5512e-16
7631.586 7.473e-16
7633.121 7.454e-16
7634.655 7.6229e-16
7636.189 7.4339e-16
7637.723 7.303e-16
7639.257 7.4776e-16
7640.792 7.3593e-16
7642.326 7.2286e-16
7643.860 7.3044e-16
7645.395 7.4611e-16
7646.929 7.1683e-16
7648.463 7.2123e-16
7649.998 7.4929e-16
7651.532 7.3226e-16
7653.066 7.2451e-16
7654.601 7.5358e-16
7656.135 7.4321e-16
7657.669 7.2677e-16
7659.204 7.4347e-16
7660.738 7.4096e-16
7662.272 7.5411e-16
7663.806 7.7367e-16
7665.340 7.5233e-16
7666.875 7.2705e-16
7668.409 7.5914e-16
7669.943 7.6216e-16
7671.478 7.5424e-16
7673.012 7.6865e-16
7674.546 7.5585e-16
7676.081 7.5847e-16
7677.615 7.5824e-16
7679.149 7.6541e-16
7680.684 7.5344e-16
7682.218 7.557e-16
7683.752 7.8408e-16
7685.287 7.7388e-16
7686.821 7.6633e-16
7688.355 7.7514e-16
7689.889 7.8207e-16
7691.424 7.8569e-16
7692.958 7.5932e-16
7694.492 7.5707e-16
7696.026 7.4772e-16
7697.561 7.4285e-16
7699.095 7.689e-16
7700.629 7.6526e-16
7702.164 7.6559e-16
7703.698 7.7295e-16
7705.232 7.729e-16
7706.767 7.7303e-16
7708.301 7.9731e-16
7709.835 7.9948e-16
7711.370 7.9352e-16
7712.904 7.9826e-16
7714.438 7.9096e-16
7715.972 7.8108e-16
7717.507 7.7541e-16
7719.041 7.5891e-16
7720.575 7.3784e-16
7722.109 7.4796e-16
7723.644 7.6498e-16
7725.178 7.5716e-16
7726.712 7.4928e-16
7728.247 7.4834e-16
7729.781 7.4965e-16
7731.315 7.8131e-16
7732.850 7.8997e-16
7734.384 7.7054e-16
7735.918 7.6797e-16
7737.453 7.9016e-16
7738.987 8.0596e-16
7740.521 8.0073e-16
7742.055 7.897e-16
7743.590 8.1203e-16
7745.124 8.0896e-16
7746.658 8.0666e-16
7748.192 8.1768e-16
7749.727 8.1616e-16
7751.261 7.9207e-16
7752.795 7.8576e-16
7754.330 7.679e-16
7755.864 7.6871e-16
7757.398 7.8425e-16
7758.933 7.9434e-16
7760.467 7.8897e-16
7762.001 7.7941e-16
7763.536 7.8551e-16
7765.070 7.9045e-16
7766.604 7.9246e-16
7768.138 7.9734e-16
7769.673 8.0702e-16
7771.207 7.9746e-16
7772.741 7.8792e-16
7774.275 7.9354e-16
7775.810 7.8328e-16
7777.344 7.9731e-16
7778.878 7.8809e-16
7780.413 7.7441e-16
7781.947 7.805e-16
7783.481 7.7447e-16
7785.016 7.7418e-16
7786.550 7.7426e-16
7788.084 7.7501e-16
7789.619 7.8413e-16
7791.153 7.9552e-16
7792.687 7.91e-16
7794.221 7.9946e-16
7795.756 7.8292e-16
7797.290 7.6109e-16
7798.824 7.7258e-16
7800.358 8.0093e-16
7801.893 8.1086e-16
7803.427 8.1285e-16
7804.961 8.1775e-16
7806.496 8.1024e-16
7808.030 8.1718e-16
7809.564 8.1573e-16
7811.099 8.003e-16
7812.633 7.9118e-16
7814.167 8.0039e-16
7815.702 8.1028e-16
7817.236 8.2015e-16
7818.770 8.1469e-16
7820.304 7.9531e-16
7821.839 8.1715e-16
7823.373 8.0373e-16
7824.907 7.6526e-16
7826.441 8.0003e-16
7827.976 8.3685e-16
7829.510 8.1263e-16
7831.044 7.8227e-16
7832.579 7.8966e-16
7834.113 8.1025e-16
7835.647 8.1243e-16
7837.182 8.1347e-16
7838.716 8.2068e-16
7840.250 8.2592e-16
7841.785 8.27e-16
7843.319 8.1314e-16
7844.853 8.0395e-16
7846.387 8.0391e-16
7847.922 8.1603e-16
7849.456 8.1979e-16
7850.990 8.1439e-16
7852.524 8.1926e-16
7854.059 8.1123e-16
7855.593 8.0622e-16
7857.127 8.1303e-16
7858.662 8.2347e-16
7860.196 8.2482e-16
7861.730 8.1799e-16
7863.265 7.9961e-16
7864.799 8.0084e-16
7866.333 8.0906e-16
7867.868 8.0136e-16
7869.402 7.9534e-16
7870.936 7.9393e-16
7872.470 8.0035e-16
7874.005 8.1122e-16
7875.539 8.326e-16
7877.073 8.3928e-16
7878.607 8.2964e-16
7880.142 8.1791e-16
7881.676 8.1613e-16
7883.210 8.1622e-16
7884.745 8.0426e-16
7886.279 8.0901e-16
7887.813 8.1131e-16
7889.348 8.2189e-16
7890.882 8.1373e-16
7892.416 8.0936e-16
7893.951 8.0899e-16
7895.485 8.2985e-16
7897.019 8.2785e-16
7898.553 8.2319e-16
7900.088 8.2069e-16
7901.622 8.1667e-16
7903.156 8.224e-16
7904.690 8.1262e-16
7906.225 8.0711e-16
7907.759 8.3737e-16
7909.293 8.406e-16
7910.828 8.2407e-16
7912.362 8.5016e-16
7913.896 8.5704e-16
7915.431 8.1157e-16
7916.965 8.1591e-16
7918.500 8.2678e-16
7920.034 8.4478e-16
7921.568 8.3272e-16
7923.102 8.0777e-16
7924.636 7.9271e-16
7926.171 7.9759e-16
7927.705 8.2842e-16
7929.239 8.3477e-16
7930.773 8.0747e-16
7932.308 7.8508e-16
7933.842 7.8287e-16
7935.376 7.8999e-16
7936.911 7.9185e-16
7938.445 8.0182e-16
7939.979 8.1489e-16
7941.514 8.1993e-16
7943.048 8.1864e-16
7944.583 8.0958e-16
7946.117 7.9869e-16
7947.651 8.0241e-16
7949.185 7.8941e-16
7950.719 7.8333e-16
7952.254 8.1008e-16
7953.788 8.309e-16
7955.322 8.3102e-16
7956.856 8.2029e-16
7958.391 8.1032e-16
7959.925 8.327e-16
7961.459 8.5072e-16
7962.994 8.2945e-16
7964.528 8.2e-16
7966.062 8.0692e-16
7967.597 7.748e-16
7969.131 7.788e-16
7970.666 7.7842e-16
7972.200 7.6847e-16
7973.734 7.8309e-16
7975.268 7.8671e-16
7976.802 7.9628e-16
7978.337 7.9125e-16
7979.871 7.7087e-16
7981.405 7.6451e-16
7982.939 7.7214e-16
7984.474 7.6218e-16
7986.008 7.6791e-16
7987.542 7.6543e-16
7989.077 7.9569e-16
7990.611 8.0413e-16
7992.146 7.9613e-16
7993.680 8.1711e-16
7995.214 7.7874e-16
7996.749 7.5601e-16
7998.283 7.6e-16
7999.817 7.5375e-16
8001.351 7.5261e-16
8002.886 7.741e-16
8004.420 7.6796e-16
8005.954 7.6456e-16
8007.488 7.7775e-16
8009.022 7.7764e-16
8010.557 7.7574e-16
8012.091 7.7708e-16
8013.625 7.848e-16
8015.160 7.8667e-16
8016.694 7.7034e-16
8018.229 7.6411e-16
8019.763 7.5835e-16
8021.297 7.8556e-16
8022.832 8.0923e-16
8024.366 7.8359e-16
8025.900 7.712e-16
8027.434 7.9255e-16
8028.969 7.9222e-16
8030.503 7.74e-16
8032.037 7.7034e-16
8033.571 7.6929e-16
8035.105 7.6137e-16
8036.640 7.5959e-16
8038.174 7.4967e-16
8039.708 7.3499e-16
8041.243 7.3131e-16
8042.777 7.3029e-16
8044.312 7.2298e-16
8045.846 7.1169e-16
8047.380 7.1918e-16
8048.915 7.2324e-16
8050.449 7.1827e-16
8051.983 7.3392e-16
8053.517 7.4861e-16
8055.052 7.2985e-16
8056.586 7.3921e-16
8058.120 7.7044e-16
8059.654 7.6413e-16
8061.189 7.6015e-16
8062.723 7.4707e-16
8064.257 7.413e-16
8065.792 7.5127e-16
8067.326 7.383e-16
8068.860 7.3937e-16
8070.395 7.5613e-16
8071.929 7.6274e-16
8073.463 7.5803e-16
8074.998 7.5443e-16
8076.532 7.4824e-16
8078.066 7.3904e-16
8079.600 7.4528e-16
8081.135 7.4586e-16
8082.669 7.4043e-16
8084.203 7.415e-16
8085.737 7.3934e-16
8087.272 7.495e-16
8088.806 7.5668e-16
8090.340 7.6093e-16
8091.875 7.6629e-16
8093.409 7.5628e-16
8094.943 7.4059e-16
8096.478 7.3077e-16
8098.012 7.4726e-16
8099.546 7.5202e-16
8101.081 7.367e-16
8102.615 7.4291e-16
8104.149 7.3586e-16
8105.683 7.2453e-16
8107.218 7.4347e-16
8108.752 7.6459e-16
8110.286 7.5118e-16
8111.820 7.3918e-16
8113.355 7.4837e-16
8114.889 7.4692e-16
8116.423 7.358e-16
8117.958 7.3633e-16
8119.492 7.6246e-16
8121.026 7.7709e-16
8122.561 7.7293e-16
8124.095 7.6151e-16
8125.629 7.7147e-16
8127.164 7.8552e-16
8128.698 7.679e-16
8130.232 7.5255e-16
8131.766 7.3974e-16
8133.301 7.4399e-16
8134.835 7.4513e-16
8136.369 7.2288e-16
8137.903 7.2383e-16
8139.438 7.4217e-16
8140.972 7.6323e-16
8142.506 7.543e-16
8144.041 7.5141e-16
8145.575 7.5189e-16
8147.109 7.4583e-16
8148.644 7.517e-16
8150.178 7.4768e-16
8151.712 7.4832e-16
8153.247 7.6524e-16
8154.781 7.5521e-16
8156.315 7.4727e-16
8157.849 7.5321e-16
8159.384 7.5753e-16
8160.918 7.7519e-16
8162.452 7.7326e-16
8163.986 7.6706e-16
8165.521 7.5835e-16
8167.055 7.516e-16
8168.589 7.5175e-16
8170.124 7.5829e-16
8171.658 7.5484e-16
8173.192 7.5927e-16
8174.727 7.6307e-16
8176.261 7.5536e-16
8177.795 7.6214e-16
8179.330 7.5914e-16
8180.864 7.5736e-16
8182.398 7.679e-16
8183.932 7.813e-16
8185.467 7.7045e-16
8187.001 7.5891e-16
8188.535 7.6372e-16
8190.069 7.6795e-16
8191.604 7.9146e-16
8193.138 7.8231e-16
8194.673 7.8219e-16
8196.207 7.682e-16
8197.741 7.4816e-16
8199.275 7.4066e-16
8200.810 7.5711e-16
8202.344 7.6158e-16
8203.878 7.6505e-16
8205.412 7.7071e-16
8206.946 7.7337e-16
8208.481 7.7361e-16
8210.016 7.6637e-16
8211.550 7.6375e-16
8213.084 7.5461e-16
8214.618 7.4651e-16
8216.152 7.6564e-16
8217.687 7.8848e-16
8219.221 7.9601e-16
8220.756 7.7283e-16
8222.290 7.8341e-16
8223.824 7.9039e-16
8225.358 7.6631e-16
8226.893 7.6991e-16
8228.427 7.7389e-16
8229.961 7.462e-16
8231.495 7.5969e-16
8233.029 7.9281e-16
8234.564 7.8773e-16
8236.099 7.8598e-16
8237.633 7.9745e-16
8239.167 7.9835e-16
8240.701 7.8875e-16
8242.235 7.9515e-16
8243.770 8.0478e-16
8245.304 7.7365e-16
8246.839 7.6161e-16
8248.373 7.7801e-16
8249.907 7.8092e-16
8251.441 7.8588e-16
8252.976 7.9088e-16
8254.510 7.8834e-16
8256.044 7.8984e-16
8257.578 7.8875e-16
8259.113 7.7351e-16
8260.647 7.7734e-16
8262.182 7.827e-16
8263.716 7.6431e-16
8265.250 7.6007e-16
8266.784 7.6091e-16
8268.318 7.5871e-16
8269.853 7.7197e-16
8271.387 7.8295e-16
8272.922 7.7547e-16
8274.456 7.612e-16
8275.990 7.6372e-16
8277.524 7.8537e-16
8279.059 7.8824e-16
8280.593 7.7819e-16
8282.127 7.7371e-16
8283.661 7.652e-16
8285.196 7.8111e-16
8286.730 7.8982e-16
8288.265 7.776e-16
8289.799 7.6047e-16
8291.333 7.2311e-16
8292.867 7.2466e-16
8294.401 7.5461e-16
8295.936 7.6068e-16
8297.470 7.6329e-16
8299.005 7.5851e-16
8300.539 7.4697e-16
8302.073 7.3787e-16
8303.607 7.2797e-16
8305.142 7.2254e-16
8306.676 7.273e-16
8308.210 7.4659e-16
8309.744 7.5082e-16
8311.279 7.5296e-16
8312.813 7.4454e-16
8314.348 7.1208e-16
8315.882 7.1913e-16
8317.416 7.3457e-16
8318.950 7.2774e-16
8320.484 7.3873e-16
8322.019 7.4797e-16
8323.553 7.5232e-16
8325.088 7.462e-16
8326.622 7.3349e-16
8328.156 7.2643e-16
8329.690 7.1859e-16
8331.225 7.2603e-16
8332.759 7.2394e-16
8334.293 7.2565e-16
8335.827 7.3044e-16
8337.362 7.4292e-16
8338.896 7.2731e-16
8340.431 7.4328e-16
8341.965 7.3617e-16
8343.499 7.1278e-16
8345.033 7.1667e-16
8346.567 7.1087e-16
8348.102 7.1177e-16
8349.636 7.1748e-16
8351.171 7.5669e-16
8352.705 7.7188e-16
8354.239 7.5083e-16
8355.773 7.3806e-16
8357.308 7.5091e-16
8358.842 7.5635e-16
8360.376 7.4543e-16
8361.910 7.5119e-16
8363.445 7.5523e-16
8364.979 7.3785e-16
8366.514 7.5724e-16
8368.048 7.5241e-16
8369.582 7.5168e-16
8371.116 7.5613e-16
8372.650 7.5351e-16
8374.185 7.4519e-16
8375.719 7.6621e-16
8377.254 7.7238e-16
8378.788 7.537e-16
8380.322 7.756e-16
8381.856 7.8436e-16
8383.391 7.5086e-16
8384.925 7.5042e-16
8386.459 7.5522e-16
8387.993 7.6514e-16
8389.528 7.692e-16
8391.062 7.5995e-16
8392.597 7.3996e-16
8394.131 7.3957e-16
8395.665 7.7835e-16
8397.199 7.7401e-16
8398.733 7.5126e-16
8400.268 7.432e-16
8401.803 7.5125e-16
8403.337 7.4227e-16
8404.871 7.3924e-16
8406.405 7.3414e-16
8407.939 7.3394e-16
8409.474 7.4946e-16
8411.008 7.8491e-16
8412.542 7.9439e-16
8414.076 7.6822e-16
8415.611 7.8352e-16
8417.146 7.8423e-16
8418.680 7.6659e-16
8420.214 7.7562e-16
8421.748 7.7324e-16
8423.282 7.6018e-16
8424.816 7.5396e-16
8426.351 7.6133e-16
8427.886 7.5035e-16
8429.420 7.3533e-16
8430.954 7.716e-16
8432.488 7.7138e-16
8434.022 7.4493e-16
8435.557 7.6382e-16
8437.091 7.9187e-16
8438.625 7.7915e-16
8440.159 7.5867e-16
8441.694 7.7438e-16
8443.229 7.8264e-16
8444.763 7.6894e-16
8446.297 7.692e-16
8447.831 7.6577e-16
8449.365 7.5902e-16
8450.899 7.713e-16
8452.434 7.6224e-16
8453.969 7.4086e-16
8455.503 7.4532e-16
8457.037 7.6035e-16
8458.571 7.5392e-16
8460.105 7.508e-16
8461.640 7.8819e-16
8463.174 8.144e-16
8464.708 7.909e-16
8466.242 7.6184e-16
8467.777 7.5508e-16
8469.312 7.5807e-16
8470.846 7.5787e-16
8472.380 7.552e-16
8473.914 7.5507e-16
8475.448 7.5075e-16
8476.982 7.4164e-16
8478.517 7.3571e-16
8480.052 7.5165e-16
8481.586 7.8305e-16
8483.120 7.7773e-16
8484.654 7.5302e-16
8486.188 7.5507e-16
8487.723 7.6538e-16
8489.257 7.8582e-16
8490.791 7.9934e-16
8492.325 7.7601e-16
8493.860 7.5349e-16
8495.395 7.3494e-16
8496.929 7.2725e-16
8498.463 7.4274e-16
8499.997 7.6595e-16
8501.531 7.7352e-16
8503.065 7.6733e-16
8504.600 7.6616e-16
8506.135 7.6491e-16
8507.669 7.5658e-16
8509.203 7.4416e-16
8510.737 7.537e-16
8512.271 7.652e-16
8513.806 7.5464e-16
8515.340 7.5155e-16
8516.874 7.7015e-16
8518.408 7.7387e-16
8519.943 7.6358e-16
8521.478 7.626e-16
8523.012 7.6057e-16
8524.546 7.6863e-16
8526.080 7.673e-16
8527.614 7.608e-16
8529.148 7.6381e-16
8530.683 7.8213e-16
8532.218 8.0102e-16
8533.752 7.9138e-16
8535.286 7.7689e-16
8536.820 7.8128e-16
8538.354 7.9019e-16
8539.889 7.9389e-16
8541.423 7.7896e-16
8542.957 7.7876e-16
8544.492 7.8571e-16
8546.026 8.0087e-16
8547.561 7.9718e-16
8549.095 7.8984e-16
8550.629 7.886e-16
8552.163 7.6949e-16
8553.697 7.7408e-16
8555.231 7.8947e-16
8556.766 7.9359e-16
8558.301 7.6319e-16
8559.835 7.5302e-16
8561.369 7.7486e-16
8562.903 7.8578e-16
8564.438 7.8866e-16
8565.972 7.9786e-16
8567.506 8.0359e-16
8569.040 7.8812e-16
8570.575 7.7877e-16
8572.109 7.8067e-16
8573.644 7.5913e-16
8575.178 7.6247e-16
8576.712 7.925e-16
8578.246 7.9911e-16
8579.780 7.8645e-16
8581.314 7.8973e-16
8582.849 7.8373e-16
8584.384 7.7804e-16
8585.918 7.9951e-16
8587.452 7.9434e-16
8588.986 7.7587e-16
8590.521 7.7328e-16
8592.055 7.7173e-16
8593.589 7.5473e-16
8595.123 7.5491e-16
8596.658 7.729e-16
8598.192 7.8062e-16
8599.727 7.713e-16
8601.261 7.7778e-16
8602.795 7.5441e-16
8604.329 7.5936e-16
8605.863 7.7517e-16
8607.397 7.6381e-16
8608.932 7.6967e-16
8610.467 7.7894e-16
8612.001 7.6907e-16
8613.535 7.6119e-16
8615.069 7.7072e-16
8616.604 7.7219e-16
8618.138 7.547e-16
8619.672 7.4677e-16
8621.206 7.5169e-16
8622.741 7.5061e-16
8624.275 7.3741e-16
8625.810 7.2833e-16
8627.344 7.4101e-16
8628.878 7.6307e-16
8630.412 7.7121e-16
8631.946 7.7232e-16
8633.480 7.6739e-16
8635.015 7.5899e-16
8636.550 7.6176e-16
8638.084 7.7375e-16
8639.618 7.8331e-16
8641.152 7.8644e-16
8642.687 7.7269e-16
8644.221 7.595e-16
8645.755 7.7205e-16
8647.289 7.7266e-16
8648.824 7.7132e-16
8650.358 7.8212e-16
8651.893 7.85e-16
8653.427 7.7566e-16
8654.961 7.7186e-16
8656.495 7.8763e-16
8658.029 7.7628e-16
8659.563 7.6688e-16
8661.098 7.7752e-16
8662.633 7.5813e-16
8664.167 7.636e-16
8665.701 7.8073e-16
8667.235 7.5275e-16
8668.770 7.3572e-16
8670.304 7.5227e-16
8671.838 7.7696e-16
8673.372 7.6935e-16
8674.907 7.6295e-16
8676.441 7.7472e-16
8677.976 7.6877e-16
8679.510 7.7265e-16
8681.044 7.7945e-16
8682.578 7.8523e-16
8684.112 7.797e-16
8685.646 7.5904e-16
8687.181 7.4923e-16
8688.716 7.6477e-16
8690.250 7.8732e-16
8691.784 7.7253e-16
8693.318 7.5872e-16
8694.853 7.7029e-16
8696.387 7.6007e-16
8697.921 7.5236e-16
8699.455 7.5496e-16
8700.990 7.6374e-16
8702.524 7.6928e-16
8704.059 7.5779e-16
8705.593 7.5113e-16
8707.127 7.4877e-16
8708.661 7.557e-16
8710.195 7.542e-16
8711.729 7.3626e-16
8713.265 7.279e-16
8714.799 7.4313e-16
8716.333 7.3496e-16
8717.867 7.1799e-16
8719.401 6.98e-16
8720.936 7.2254e-16
8722.470 7.3007e-16
8724.004 7.2099e-16
8725.538 7.1358e-16
8727.073 7.1828e-16
8728.607 7.2047e-16
8730.142 7.3469e-16
8731.676 7.4349e-16
8733.210 7.4353e-16
8734.744 7.3841e-16
8736.278 7.4494e-16
8737.812 7.4437e-16
8739.348 7.2929e-16
8740.882 7.2774e-16
8742.416 7.2476e-16
8743.950 7.1293e-16
8745.484 7.132e-16
8747.019 7.2115e-16
8748.553 7.24e-16
8750.087 7.0102e-16
8751.621 7.0378e-16
8753.156 7.1282e-16
8754.690 7.0763e-16
8756.225 7.3009e-16
8757.759 7.4211e-16
8759.293 7.1447e-16
8760.827 7.1875e-16
8762.361 7.3126e-16
8763.896 7.1565e-16
8765.431 7.0431e-16
8766.965 7.0259e-16
8768.499 7.236e-16
8770.033 7.2588e-16
8771.567 7.1448e-16
8773.102 7.3635e-16
8774.636 7.5299e-16
8776.170 7.6329e-16
8777.704 7.6875e-16
8779.239 7.2156e-16
8780.773 6.7104e-16
8782.308 6.8088e-16
8783.842 7.1757e-16
8785.376 7.3662e-16
8786.910 7.5043e-16
8788.444 7.5551e-16
8789.979 7.3355e-16
8791.514 7.2168e-16
8793.048 7.3281e-16
8794.582 7.1724e-16
8796.116 7.1724e-16
8797.650 7.2917e-16
8799.185 7.2783e-16
8800.719 7.1748e-16
8802.253 7.0515e-16
8803.787 6.9789e-16
8805.322 7.0188e-16
8806.856 6.8526e-16
8808.391 6.8072e-16
8809.925 7.0451e-16
8811.459 7.0766e-16
8812.993 7.047e-16
8814.527 7.2417e-16
8816.062 7.3524e-16
8817.597 7.2996e-16
8819.131 7.3422e-16
8820.665 7.4704e-16
8822.199 7.5202e-16
8823.733 7.6274e-16
8825.268 7.5835e-16
8826.802 7.6521e-16
8828.336 7.834e-16
8829.870 7.2139e-16
8831.405 6.8441e-16
8832.939 7.114e-16
8834.474 7.2753e-16
8836.008 7.4124e-16
8837.542 7.4857e-16
8839.076 7.224e-16
8840.610 7.1393e-16
8842.145 7.3283e-16
8843.680 7.2839e-16
8845.214 7.3096e-16
8846.748 7.3851e-16
8848.282 7.2796e-16
8849.816 7.2666e-16
8851.351 7.4877e-16
8852.885 7.4372e-16
8854.419 7.361e-16
8855.954 7.2673e-16
8857.488 7.1797e-16
8859.022 7.3237e-16
8860.557 7.2669e-16
8862.091 7.2802e-16
8863.625 7.5621e-16
8865.159 7.5815e-16
8866.693 7.347e-16
8868.228 7.3307e-16
8869.763 7.144e-16
8871.297 7.0253e-16
8872.831 7.3198e-16
8874.365 7.4676e-16
8875.899 7.4213e-16
8877.434 7.4687e-16
8878.968 7.3504e-16
8880.502 7.4609e-16
8882.037 7.9999e-16
8883.571 7.7184e-16
8885.105 7.1814e-16
8886.640 7.8796e-16
8888.174 7.8928e-16
8889.708 7.0849e-16
8891.242 7.2402e-16
8892.776 7.255e-16
8894.311 7.1346e-16
8895.846 7.049e-16
8897.380 7.1559e-16
8898.914 7.6383e-16
8900.448 7.7204e-16
8901.982 7.3076e-16
8903.517 7.2737e-16
8905.051 7.1593e-16
8906.585 6.9779e-16
8908.120 6.9278e-16
8909.654 6.9777e-16
8911.188 7.3068e-16
8912.723 7.3405e-16
8914.257 7.1865e-16
8915.791 7.5467e-16
8917.325 7.2213e-16
8918.859 6.6287e-16
8920.394 6.6152e-16
8921.929 6.3886e-16
8923.463 5.8593e-16
8924.997 5.8719e-16
8926.531 6.17e-16
8928.065 6.4721e-16
8929.600 6.8208e-16
8931.134 6.9804e-16
8932.668 6.8785e-16
8934.203 7.1613e-16
8935.737 7.2958e-16
8937.271 7.0912e-16
8938.806 6.9541e-16
8940.340 7.0511e-16
8941.874 7.1207e-16
8943.408 6.9403e-16
8944.942 6.7363e-16
8946.477 6.673e-16
8948.012 6.8829e-16
8949.546 6.9907e-16
8951.080 6.8917e-16
8952.614 7.113e-16
8954.148 7.2596e-16
8955.683 7.1514e-16
8957.217 7.0383e-16
8958.751 6.9104e-16
8960.286 6.87e-16
8961.820 6.4363e-16
8963.354 6.4419e-16
8964.889 6.3354e-16
8966.423 5.7508e-16
8967.957 5.3512e-16
8969.491 5.1758e-16
8971.025 5.1323e-16
8972.560 5.3342e-16
8974.095 5.5829e-16
8975.629 6.043e-16
8977.163 6.4106e-16
8978.697 6.5552e-16
8980.231 6.8552e-16
8981.766 6.9588e-16
8983.300 7.1403e-16
8984.834 7.5177e-16
8986.369 7.358e-16
8987.903 7.22e-16
8989.438 7.2414e-16
8990.972 7.303e-16
8992.506 7.226e-16
8994.040 7.181e-16
8995.574 7.3529e-16
8997.108 7.5868e-16
8998.644 7.5646e-16
9000.178 7.3924e-16
9001.712 7.3938e-16
9003.246 7.2549e-16
9004.780 6.9978e-16
9006.314 7.0638e-16
9007.849 7.2392e-16
9009.383 7.2326e-16
9010.917 7.1967e-16
9012.452 7.172e-16
9013.986 7.2e-16
9015.521 7.2246e-16
9017.055 7.3038e-16
9018.589 7.2862e-16
9020.123 7.1648e-16
9021.657 7.1646e-16
9023.191 7.1306e-16
9024.727 7.2186e-16
9026.261 7.39e-16
9027.795 7.2587e-16
9029.329 7.2525e-16
9030.863 7.4884e-16
9032.397 7.5236e-16
9033.932 7.4486e-16
9035.466 7.3838e-16
9037.000 7.3252e-16
9038.535 7.1033e-16
9040.069 7.1442e-16
9041.604 7.3829e-16
9043.138 7.3167e-16
9044.672 7.3254e-16
9046.206 7.5435e-16
9047.740 7.307e-16
9049.274 7.1859e-16
9050.810 7.3046e-16
9052.344 7.1283e-16
9053.878 7.1342e-16
9055.412 7.4407e-16
9056.946 7.4595e-16
9058.480 7.3006e-16
9060.015 7.356e-16
9061.549 7.4772e-16
9063.083 7.4836e-16
9064.618 7.334e-16
9066.152 7.3965e-16
9067.687 7.4249e-16
9069.221 7.3455e-16
9070.755 7.4885e-16
9072.289 7.3807e-16
9073.823 7.4111e-16
9075.357 7.4063e-16
9076.893 7.2667e-16
9078.427 7.3654e-16
9079.961 7.3969e-16
9081.495 7.2202e-16
9083.029 7.1489e-16
9084.563 7.1027e-16
9086.098 7.235e-16
9087.632 7.3095e-16
9089.166 7.0458e-16
9090.701 6.8009e-16
9092.235 6.6027e-16
9093.770 5.9899e-16
9095.304 5.4184e-16
9096.838 5.3338e-16
9098.372 5.9174e-16
9099.906 6.4427e-16
9101.440 6.5091e-16
9102.976 6.7096e-16
9104.510 7.0261e-16
9106.044 7.0699e-16
9107.578 6.9943e-16
9109.112 7.0017e-16
9110.646 7.0839e-16
9112.181 7.1953e-16
9113.715 7.1806e-16
9115.249 7.1548e-16
9116.784 7.0557e-16
9118.318 7.1442e-16
9119.853 7.2771e-16
9121.387 7.0525e-16
9122.921 6.92e-16
9124.455 6.8912e-16
9125.989 7.0345e-16
9127.523 7.0977e-16
9129.059 7.182e-16
9130.593 7.3503e-16
9132.127 7.3756e-16
9133.661 7.3613e-16
9135.195 7.3268e-16
9136.729 7.3192e-16
9138.264 7.2993e-16
9139.798 7.2871e-16
9141.333 7.4307e-16
9142.867 7.4316e-16
9144.401 7.3712e-16
9145.936 7.485e-16
9147.470 7.3643e-16
9149.004 7.1311e-16
9150.538 7.2758e-16
9152.072 7.5125e-16
9153.606 7.5035e-16
9155.142 7.5871e-16
9156.676 7.6366e-16
9158.210 7.4945e-16
9159.744 7.5302e-16
9161.278 7.5783e-16
9162.812 7.526e-16
9164.347 7.4007e-16
9165.881 7.5511e-16
9167.416 7.4111e-16
9168.950 7.304e-16
9170.484 7.4834e-16
9172.019 7.4211e-16
9173.553 7.4187e-16
9175.087 7.5897e-16
9176.621 7.6168e-16
9178.155 7.4641e-16
9179.689 7.479e-16
9181.225 7.7097e-16
9182.759 7.5543e-16
9184.293 7.4311e-16
9185.827 7.509e-16
9187.361 7.3511e-16
9188.896 7.2908e-16
9190.430 7.5148e-16
9191.964 7.5588e-16
9193.499 7.4035e-16
9195.033 7.3979e-16
9196.567 7.5079e-16
9198.102 7.5146e-16
9199.636 7.463e-16
9201.170 7.4627e-16
9202.704 7.5296e-16
9204.238 7.4622e-16
9205.772 7.4302e-16
9207.308 7.5515e-16
9208.842 7.4944e-16
9210.376 7.4857e-16
9211.910 7.5625e-16
9213.444 7.5574e-16
9214.979 7.5193e-16
9216.513 7.5604e-16
9218.047 7.6796e-16
9219.582 7.6778e-16
9221.116 7.6425e-16
9222.650 7.6706e-16
9224.185 7.5869e-16
9225.719 7.6902e-16
9227.253 7.7399e-16
9228.787 7.6018e-16
9230.321 7.5949e-16
9231.855 7.5278e-16
9233.391 7.432e-16
9234.925 7.5647e-16
9236.459 7.5892e-16
9237.993 7.4847e-16
9239.527 7.5055e-16
9241.062 7.4077e-16
9242.596 7.3581e-16
9244.130 7.415e-16
9245.665 7.3282e-16
9247.199 7.1223e-16
9248.733 7.0916e-16
9250.268 7.2903e-16
9251.802 7.5163e-16
9253.336 7.4109e-16
9254.870 7.4309e-16
9256.404 7.589e-16
9257.938 7.5948e-16
9259.474 7.738e-16
9261.008 7.8128e-16
9262.542 7.6136e-16
9264.076 7.3715e-16
9265.610 7.3354e-16
9267.145 7.3582e-16
9268.679 7.5374e-16
9270.213 7.6226e-16
9271.748 7.7348e-16
9273.282 7.7143e-16
9274.816 7.6143e-16
9276.351 7.6155e-16
9277.885 7.6121e-16
9279.419 7.5689e-16
9280.953 7.6591e-16
9282.487 7.5811e-16
9284.021 7.6339e-16
9285.557 7.8361e-16
9287.091 7.8715e-16
9288.625 7.5904e-16
9290.159 7.4694e-16
9291.693 7.6092e-16
9293.228 7.6879e-16
9294.762 7.6145e-16
9296.296 7.6657e-16
9297.831 7.6249e-16
9299.365 7.62e-16
9300.899 7.6288e-16
9302.434 8.0133e-16
9303.968 8.0553e-16
9305.502 7.4544e-16
9307.036 7.1498e-16
9308.570 7.2082e-16
9310.105 7.4539e-16
9311.640 7.1795e-16
9313.174 7.3198e-16
9314.708 7.3321e-16
9316.242 7.0043e-16
9317.776 7.1596e-16
9319.311 7.4803e-16
9320.845 7.3775e-16
9322.379 7.4506e-16
9323.914 7.7229e-16
9325.448 7.5507e-16
9326.982 6.9762e-16
9328.517 7.0765e-16
9330.051 7.1876e-16
9331.585 7.501e-16
9333.119 7.6133e-16
9334.653 7.4754e-16
9336.188 7.6401e-16
9337.723 7.5646e-16
9339.257 7.0141e-16
9340.791 6.8618e-16
9342.325 7.6787e-16
9343.859 8.1853e-16
9345.394 7.9125e-16
9346.928 7.7284e-16
9348.462 7.4265e-16
9349.997 7.4366e-16
9351.531 7.6361e-16
9353.065 7.7345e-16
9354.600 7.4693e-16
9356.134 7.3119e-16
9357.668 7.7985e-16
9359.202 7.8352e-16
9360.736 7.2714e-16
9362.271 7.2948e-16
9363.806 7.5853e-16
9365.340 7.549e-16
9366.874 7.3751e-16
9368.408 7.2335e-16
9369.942 7.0177e-16
9371.477 7.2287e-16
9373.011 7.3679e-16
9374.545 7.4707e-16
9376.080 7.6952e-16
9377.614 7.3773e-16
9379.148 6.7448e-16
9380.683 6.8029e-16
9382.217 7.3273e-16
9383.751 7.3715e-16
9385.285 7.3129e-16
9386.819 7.3677e-16
9388.354 7.164e-16
9389.889 7.0143e-16
9391.423 7.1433e-16
9392.957 7.1022e-16
9394.491 6.9506e-16
9396.025 7.0144e-16
9397.560 7.1905e-16
9399.094 7.3365e-16
9400.628 7.2577e-16
9402.163 7.1475e-16
9403.697 7.0872e-16
9405.231 6.9485e-16
9406.766 6.9601e-16
9408.300 7.1113e-16
9409.834 7.2281e-16
9411.368 7.1132e-16
9412.902 7.0764e-16
9414.438 7.3107e-16
9415.972 7.6291e-16
9417.506 7.4514e-16
9419.040 7.2997e-16
9420.574 7.3427e-16
9422.108 7.1163e-16
9423.643 6.7399e-16
9425.177 6.8418e-16
9426.711 7.4144e-16
9428.246 7.7679e-16
9429.780 7.334e-16
9431.314 7.2577e-16
9432.849 7.1143e-16
9434.383 7.0461e-16
9435.917 7.4164e-16
9437.451 7.5954e-16
9438.985 7.6288e-16
9440.521 8.0179e-16
9442.055 7.6973e-16
9443.589 7.0937e-16
9445.123 7.1518e-16
9446.657 7.2369e-16
9448.191 7.4445e-16
9449.726 7.2668e-16
9451.260 7.4143e-16
9452.795 7.4422e-16
9454.329 7.655e-16
9455.863 7.664e-16
9457.397 7.411e-16
9458.932 7.7473e-16
9460.466 7.4244e-16
9462.000 6.8483e-16
9463.534 6.7879e-16
9465.068 7.0798e-16
9466.604 7.189e-16
9468.138 7.1829e-16
9469.672 6.9765e-16
9471.206 7.1095e-16
9472.740 7.7506e-16
9474.274 7.796e-16
9475.809 7.2771e-16
9477.343 7.5727e-16
9478.878 7.573e-16
9480.412 7.1423e-16
9481.946 7.5035e-16
9483.480 7.4037e-16
9485.015 7.3392e-16
9486.549 7.4262e-16
9488.083 7.5125e-16
9489.617 7.4187e-16
9491.151 7.4855e-16
9492.687 7.5137e-16
9494.221 7.5555e-16
9495.755 7.4317e-16
9497.289 7.3755e-16
9498.823 7.781e-16
9500.357 8.054e-16
9501.892 7.8823e-16
9503.426 7.6987e-16
9504.961 7.4465e-16
9506.495 7.3492e-16
9508.029 7.6503e-16
9509.563 7.6232e-16
9511.098 7.6515e-16
9512.632 7.529e-16
9514.166 7.7566e-16
9515.700 8.1672e-16
9517.234 7.6818e-16
9518.770 7.4151e-16
9520.304 7.8507e-16
9521.838 7.9872e-16
9523.372 7.9007e-16
9524.906 7.7765e-16
9526.440 8.045e-16
9527.975 8.0803e-16
9529.509 7.8736e-16
9531.044 7.6747e-16
9532.578 7.5188e-16
9534.112 7.7446e-16
9535.646 7.9714e-16
9537.181 7.9799e-16
9538.715 7.7893e-16
9540.249 7.6593e-16
9541.783 7.674e-16
9543.317 7.5632e-16
9544.853 7.5059e-16
9546.387 7.5992e-16
9547.921 7.5515e-16
9549.455 7.5009e-16
9550.989 7.8171e-16
9552.523 8.1725e-16
9554.058 7.9394e-16
9555.592 7.6179e-16
9557.127 7.6194e-16
9558.661 7.6675e-16
9560.195 7.7408e-16
9561.729 7.7874e-16
9563.264 7.8866e-16
9564.798 8.2421e-16
9566.332 8.1161e-16
9567.866 7.6397e-16
9569.400 7.5325e-16
9570.936 7.4746e-16
9572.470 7.4079e-16
9574.004 7.4338e-16
9575.538 7.4043e-16
9577.072 7.3939e-16
9578.606 7.6705e-16
9580.141 7.8923e-16
9581.675 7.7692e-16
9583.210 7.6497e-16
9584.744 7.7457e-16
9586.278 7.9639e-16
9587.812 8.1445e-16
9589.347 8.263e-16
9590.881 8.1812e-16
9592.415 7.9133e-16
9593.949 7.7038e-16
9595.484 7.5213e-16
9597.019 7.4056e-16
9598.553 7.4254e-16
9600.087 7.5322e-16
9601.621 7.616e-16
9603.155 7.6693e-16
9604.689 8.052e-16
9606.224 8.1081e-16
9607.758 7.6717e-16
9609.293 7.6241e-16
9610.827 7.4923e-16
9612.361 7.4943e-16
9613.896 7.7814e-16
9615.430 7.6505e-16
9616.964 7.7648e-16
9618.498 7.7722e-16
9620.032 7.7048e-16
9621.567 7.9891e-16
9623.102 7.7332e-16
9624.636 7.2428e-16
9626.170 7.4315e-16
9627.704 7.6483e-16
9629.238 7.4321e-16
9630.772 7.1065e-16
9632.307 7.0624e-16
9633.841 7.1941e-16
9635.376 7.3625e-16
9636.910 7.5783e-16
9638.444 7.5448e-16
9639.979 7.4451e-16
9641.513 7.6335e-16
9643.047 7.5776e-16
9644.581 7.3845e-16
9646.115 7.5436e-16
9647.650 7.4196e-16
9649.185 7.1836e-16
9650.719 7.2578e-16
9652.253 7.2521e-16
9653.787 7.2329e-16
9655.321 7.3445e-16
9656.855 7.3867e-16
9658.390 7.3558e-16
9659.924 7.1838e-16
9661.459 7.2311e-16
9662.993 7.4541e-16
9664.527 7.3664e-16
9666.062 7.3206e-16
9667.596 7.3749e-16
9669.130 7.1436e-16
9670.664 7.0989e-16
9672.198 6.9133e-16
9673.733 6.7743e-16
9675.268 7.032e-16
9676.802 7.0999e-16
9678.336 6.9214e-16
9679.870 7.2905e-16
9681.404 7.4205e-16
9682.938 7.1412e-16
9684.473 6.9833e-16
9686.007 6.9269e-16
9687.542 7.0085e-16
9689.076 7.0666e-16
9690.610 7.137e-16
9692.145 7.1339e-16
9693.679 6.9117e-16
9695.213 6.9762e-16
9696.747 7.182e-16
9698.281 7.1928e-16
9699.816 7.1716e-16
9701.351 7.1787e-16
9702.885 6.7736e-16
9704.419 6.7109e-16
9705.953 6.8566e-16
9707.487 7.0002e-16
9709.021 7.2372e-16
9710.556 7.133e-16
9712.090 6.9798e-16
9713.625 6.9521e-16
9715.159 7.0383e-16
9716.693 7.2609e-16
9718.228 7.014e-16
9719.762 7.1468e-16
9721.296 6.8785e-16
9722.830 6.5349e-16
9724.364 6.6577e-16
9725.899 6.7198e-16
9727.434 6.6899e-16
9728.968 6.7561e-16
9730.502 6.9961e-16
9732.036 7.3315e-16
9733.570 7.2539e-16
9735.104 7.1246e-16
9736.639 6.859e-16
9738.174 6.6314e-16
9739.708 6.7109e-16
9741.242 6.8692e-16
9742.776 6.9004e-16
9744.311 6.8238e-16
9745.845 6.817e-16
9747.379 6.6957e-16
9748.913 6.5673e-16
9750.447 6.7748e-16
9751.982 7.0163e-16
9753.517 6.8359e-16
9755.051 6.7524e-16
9756.585 6.9763e-16
9758.119 6.9175e-16
9759.653 6.7865e-16
9761.188 7.094e-16
9762.722 7.2116e-16
9764.257 6.8215e-16
9765.791 6.6819e-16
9767.325 6.8537e-16
9768.859 6.8497e-16
9770.394 6.7152e-16
9771.928 6.9333e-16
9773.462 7.1063e-16
9774.996 6.9045e-16
9776.530 6.8934e-16
9778.065 6.8354e-16
9779.600 6.6196e-16
9781.134 6.624e-16
9782.668 6.7397e-16
9784.202 6.7582e-16
9785.736 6.8738e-16
9787.271 7.1096e-16
9788.805 7.0277e-16
9790.340 6.9825e-16
9791.874 7.212e-16
9793.408 7.1606e-16
9794.942 6.917e-16
9796.477 7.1625e-16
9798.011 7.2846e-16
9799.545 6.9979e-16
9801.079 6.9642e-16
9802.613 6.8928e-16
9804.148 7.0419e-16
9805.683 7.2321e-16
9807.217 7.2698e-16
9808.751 7.106e-16
9810.285 7.0669e-16
9811.819 7.0801e-16
9813.354 6.9521e-16
9814.888 6.8125e-16
9816.423 7.117e-16
9817.957 7.2769e-16
9819.491 7.1211e-16
9821.025 6.9398e-16
9822.560 6.9461e-16
9824.094 6.8075e-16
9825.628 6.9995e-16
9827.162 7.1234e-16
9828.696 6.6653e-16
9830.231 6.7499e-16
9831.766 7.0967e-16
9833.300 6.9522e-16
9834.834 7.0807e-16
9836.368 7.1059e-16
9837.902 6.9761e-16
9839.437 6.9582e-16
9840.971 6.927e-16
9842.506 6.9292e-16
9844.040 7.2482e-16
9845.574 7.3074e-16
9847.108 7.4207e-16
9848.643 7.2028e-16
9850.177 7.0278e-16
9851.711 7.0487e-16
9853.245 6.9303e-16
9854.779 6.9123e-16
9856.314 6.9311e-16
9857.849 7.0728e-16
9859.383 7.1377e-16
9860.917 7.1486e-16
9862.451 7.0828e-16
9863.985 7.1805e-16
9865.520 7.1309e-16
9867.054 7.4107e-16
9868.589 7.6396e-16
9870.123 7.3863e-16
9871.657 7.0682e-16
9873.191 7.5518e-16
9874.726 7.1014e-16
9876.260 6.8633e-16
9877.794 6.6444e-16
9879.328 6.5932e-16
9880.862 6.9261e-16
9882.397 7.0136e-16
9883.932 7.0414e-16
9885.466 6.9369e-16
9887.000 6.9161e-16
9888.534 6.6778e-16
9890.068 6.9575e-16
9891.603 7.5856e-16
9893.137 7.7653e-16
9894.672 7.5169e-16
9896.206 7.4084e-16
9897.740 7.1465e-16
9899.274 6.8562e-16
9900.809 7.2123e-16
9902.343 7.3735e-16
9903.877 7.1733e-16
9905.411 7.316e-16
9906.946 7.2693e-16
9908.480 6.9536e-16
9910.015 7.0698e-16
9911.549 7.5265e-16
9913.083 6.9985e-16
9914.617 7.0255e-16
9916.151 7.5266e-16
9917.686 6.933e-16
9919.220 6.4231e-16
9920.755 6.6154e-16
9922.289 6.8823e-16
9923.823 7.0332e-16
9925.357 7.0642e-16
9926.892 7.0209e-16
9928.426 7.0237e-16
9929.960 7.3445e-16
9931.494 7.3585e-16
9933.029 7.06e-16
9934.563 7.0119e-16
9936.098 7.1768e-16
9937.632 7.1172e-16
9939.166 7.1607e-16
9940.700 7.1393e-16
9942.234 7.0068e-16
9943.769 7.4579e-16
9945.303 7.4497e-16
9946.838 7.342e-16
9948.372 7.2103e-16
9949.906 6.7624e-16
9951.440 6.6393e-16
9952.975 7.0381e-16
9954.509 7.0944e-16
9956.043 6.9858e-16
9957.577 7.407e-16
9959.112 7.2096e-16
9960.646 6.8722e-16
9962.181 7.0857e-16
9963.715 6.9789e-16
9965.249 6.7368e-16
9966.783 6.6943e-16
9968.317 6.7827e-16
9969.852 6.8467e-16
9971.386 6.7351e-16
9972.921 6.3857e-16
9974.455 6.4082e-16
9975.989 6.672e-16
9977.523 6.4378e-16
9979.058 6.2159e-16
9980.592 6.3806e-16
9982.126 6.3393e-16
9983.660 6.1039e-16
9985.195 6.2618e-16
9986.729 6.3363e-16
9988.264 6.1097e-16
9989.798 6.0452e-16
9991.332 5.9968e-16
9992.866 6.0262e-16
9994.400 6.175e-16
9995.935 6.143e-16
9997.469 6.1203e-16
9999.004 5.9554e-16
10000.538 5.8128e-16
