3523.84 2.07906e-16
3526.02370581 2.64185e-16
3528.20741161 2.48799e-16
3530.39111742 2.29098e-16
3532.57482323 2.33965e-16
3534.75852903 2.26177e-16
3536.94223484 2.36562e-16
3539.12594065 2.33121e-16
3541.30964645 2.2686e-16
3543.49335226 2.32324e-16
3545.67705807 2.12346e-16
3547.86076387 2.47158e-16
3550.04446968 2.60306e-16
3552.22817549 2.34659e-16
3554.41188129 2.71256e-16
3556.5955871 2.57772e-16
3558.77929291 2.4129e-16
3560.96299871 2.31642e-16
3563.14670452 2.34628e-16
3565.33041033 2.5473e-16
3567.51411613 2.44265e-16
3569.69782194 2.45247e-16
3571.88152775 2.89201e-16
3574.06523355 2.75443e-16
3576.24893936 2.58559e-16
3578.43264517 2.4944e-16
3580.61635098 2.54093e-16
3582.80005678 2.4152e-16
3584.98376259 2.13307e-16
3587.1674684 2.33305e-16
3589.3511742 2.50722e-16
3591.53488001 2.40976e-16
3593.71858582 2.4608e-16
3595.90229162 2.51481e-16
3598.08599743 2.5671e-16
3600.26970324 2.67913e-16
3602.45340904 2.76131e-16
3604.63711485 2.20354e-16
3606.82082066 2.57917e-16
3609.00452646 2.60192e-16
3611.18823227 2.67532e-16
3613.37193808 2.68444e-16
3615.55564388 2.25032e-16
3617.73934969 2.27421e-16
3619.9230555 2.21703e-16
3622.1067613 2.28619e-16
3624.29046711 2.53765e-16
3626.47417292 2.48571e-16
3628.65787872 2.65482e-16
3630.84158453 2.58785e-16
3633.02529034 2.56635e-16
3635.20899614 2.43493e-16
3637.39270195 2.25728e-16
3639.57640776 2.19444e-16
3641.76011356 2.56473e-16
3643.94381937 2.45439e-16
3646.12752518 2.03694e-16
3648.31123098 2.05517e-16
3650.49493679 2.19411e-16
3652.6786426 1.95389e-16
3654.8623484 2.1953e-16
3657.04605421 2.45636e-16
3659.22976002 2.27001e-16
3661.41346582 2.57776e-16
3663.59717163 2.65362e-16
3665.78087744 2.4925e-16
3667.96458324 2.36357e-16
3670.14828905 2.32091e-16
3672.33199486 2.3844e-16
3674.51570066 2.34319e-16
3676.69940647 2.38331e-16
3678.88311228 2.46737e-16
3681.06681808 2.05848e-16
3683.25052389 2.31142e-16
3685.4342297 2.26393e-16
3687.6179355 2.43379e-16
3689.80164131 2.20097e-16
3691.98534712 2.17381e-16
3694.16905293 2.34671e-16
3696.35275873 2.59111e-16
3698.53646454 2.10717e-16
3700.72017035 2.11664e-16
3702.90387615 2.23252e-16
3705.08758196 2.00883e-16
3707.27128777 2.1597e-16
3709.45499357 2.22791e-16
3711.63869938 2.21144e-16
3713.82240519 2.42374e-16
3716.00611099 2.2634e-16
3718.1898168 2.30283e-16
3720.37352261 2.25488e-16
3722.55722841 2.3556e-16
3724.74093422 2.31244e-16
3726.92464003 2.36554e-16
3729.10834583 2.14955e-16
3731.29205164 2.14584e-16
3733.47575745 2.46476e-16
3735.65946325 2.31944e-16
3737.84316906 2.12907e-16
3740.02687487 2.15585e-16
3742.21058067 2.32016e-16
3744.39428648 2.27621e-16
3746.57799229 2.20835e-16
3748.76169809 2.12718e-16
3750.9454039 2.32603e-16
3753.12910971 2.12356e-16
3755.31281551 2.15833e-16
3757.49652132 2.3664e-16
3759.68022713 2.32284e-16
3761.86393293 2.19559e-16
3764.04763874 2.20174e-16
3766.23134455 2.29895e-16
3768.41505035 2.0191e-16
3770.59875616 1.77378e-16
3772.78246197 2.36386e-16
3774.96616777 2.1218e-16
3777.14987358 2.17926e-16
3779.33357939 2.29561e-16
3781.51728519 2.2189e-16
3783.700991 2.16367e-16
3785.88469681 2.20487e-16
3788.06840261 2.05661e-16
3790.25210842 2.10823e-16
3792.43581423 2.3295e-16
3794.61952003 2.29437e-16
3796.80322584 2.19913e-16
3798.98693165 2.05876e-16
3801.17063745 2.05718e-16
3803.35434326 2.11937e-16
3805.53804907 2.2245e-16
3807.72175488 2.22164e-16
3809.90546068 2.11199e-16
3812.08916649 2.13591e-16
3814.2728723 2.28427e-16
3816.4565781 2.23519e-16
3818.64028391 2.30177e-16
3820.82398972 2.21192e-16
3823.00769552 2.21854e-16
3825.19140133 2.31002e-16
3827.37510714 2.14303e-16
3829.55881294 2.08187e-16
3831.74251875 2.13213e-16
3833.92622456 2.17208e-16
3836.10993036 2.24487e-16
3838.29363617 2.30025e-16
3840.47734198 2.34375e-16
3842.66104778 2.37104e-16
3844.84475359 2.17366e-16
3847.0284594 2.32935e-16
3849.2121652 2.38031e-16
3851.39587101 2.0839e-16
3853.57957682 2.22642e-16
3855.76328262 2.10528e-16
3857.94698843 2.02958e-16
3860.13069424 2.17667e-16
3862.31440004 2.28236e-16
3864.49810585 2.15625e-16
3866.68181166 2.11238e-16
3868.86551746 2.07571e-16
3871.04922327 2.00674e-16
3873.23292908 2.18091e-16
3875.41663488 2.18087e-16
3877.60034069 2.10008e-16
3879.7840465 2.26221e-16
3881.9677523 2.41842e-16
3884.15145811 2.50512e-16
3886.33516392 2.48253e-16
3888.51886972 2.33675e-16
3890.70257553 2.23316e-16
3892.88628134 2.14361e-16
3895.06998714 2.21612e-16
3897.25369295 2.24201e-16
3899.43739876 2.15992e-16
3901.62110456 2.24594e-16
3903.80481037 2.22039e-16
3905.98851618 2.35126e-16
3908.17222198 2.43982e-16
3910.35592779 2.35471e-16
3912.5396336 2.27304e-16
3914.72333941 2.50658e-16
3916.90704521 2.36145e-16
3919.09075102 2.36977e-16
3921.27445683 2.21714e-16
3923.45816263 2.18264e-16
3925.64186844 2.13394e-16
3927.82557425 2.12005e-16
3930.00928005 2.27467e-16
3932.19298586 2.18291e-16
3934.37669167 1.82033e-16
3936.56039747 2.143e-16
3938.74410328 2.22931e-16
3940.92780909 2.01794e-16
3943.11151489 2.09056e-16
3945.2952207 2.19566e-16
3947.47892651 2.00279e-16
3949.66263231 2.48226e-16
3951.84633812 2.20081e-16
3954.03004393 2.05413e-16
3956.21374973 2.24456e-16
3958.39745554 2.36109e-16
3960.58116135 2.3281e-16
3962.76486715 2.29794e-16
3964.94857296 2.4837e-16
3967.13227877 2.31084e-16
3969.31598457 2.25463e-16
3971.49969038 2.21995e-16
3973.68339619 2.05852e-16
3975.86710199 2.29158e-16
3978.0508078 2.29834e-16
3980.23451361 2.19465e-16
3982.41821941 2.11202e-16
3984.60192522 2.18434e-16
3986.78563103 1.93401e-16
3988.96933683 2.03606e-16
3991.15304264 2.10623e-16
3993.33674845 1.9435e-16
3995.52045425 2.23825e-16
3997.70416006 2.35763e-16
3999.88786587 2.32433e-16
4002.07157167 2.14011e-16
4004.25527748 2.27235e-16
4006.43898329 2.23351e-16
4008.62268909 2.18272e-16
4010.8063949 1.97006e-16
4012.99010071 2.11837e-16
4015.17380651 2.08425e-16
4017.35751232 1.84287e-16
4019.54121813 1.88606e-16
4021.72492393 1.96519e-16
4023.90862974 1.9932e-16
4026.09233555 2.07401e-16
4028.27604136 1.79996e-16
4030.45974716 1.8932e-16
4032.64345297 1.92359e-16
4034.82715878 1.93178e-16
4037.01086458 2.01488e-16
4039.19457039 2.29091e-16
4041.3782762 2.00755e-16
4043.561982 1.8713e-16
4045.74568781 1.98162e-16
4047.92939362 1.94571e-16
4050.11309942 2.052e-16
4052.29680523 2.03419e-16
4054.48051104 2.12158e-16
4056.66421684 2.41582e-16
4058.84792265 2.27942e-16
4061.03162846 2.27941e-16
4063.21533426 2.25604e-16
4065.39904007 2.22751e-16
4067.58274588 2.25407e-16
4069.76645168 2.22524e-16
4071.95015749 2.16263e-16
4074.1338633 1.84749e-16
4076.3175691 2.03213e-16
4078.50127491 2.14696e-16
4080.68498072 2.28866e-16
4082.86868652 2.06071e-16
4085.05239233 2.07547e-16
4087.23609814 1.92901e-16
4089.41980394 2.10701e-16
4091.60350975 2.01923e-16
4093.78721556 2.11399e-16
4095.97092136 2.0477e-16
4098.15462717 2.04137e-16
4100.33833298 1.9172e-16
4102.52203878 2.23457e-16
4104.70574459 2.13952e-16
4106.8894504 2.03542e-16
4109.0731562 2.00099e-16
4111.25686201 2.01597e-16
4113.44056782 2.03537e-16
4115.62427362 2.12152e-16
4117.80797943 1.92048e-16
4119.99168524 1.92063e-16
4122.17539104 1.91658e-16
4124.35909685 1.93615e-16
4126.54280266 1.7599e-16
4128.72650846 1.49755e-16
4130.91021427 1.5597e-16
4133.09392008 1.67061e-16
4135.27762589 1.77378e-16
4137.46133169 1.8046e-16
4139.6450375 1.67122e-16
4141.82874331 1.83649e-16
4144.01244911 2.07892e-16
4146.19615492 2.00729e-16
4148.37986073 2.10956e-16
4150.56356653 2.19668e-16
4152.74727234 2.1114e-16
4154.93097815 2.11667e-16
4157.11468395 2.27957e-16
4159.29838976 2.18398e-16
4161.48209557 2.05805e-16
4163.66580137 1.85853e-16
4165.84950718 1.80043e-16
4168.03321299 1.85857e-16
4170.21691879 1.87683e-16
4172.4006246 1.9517e-16
4174.58433041 2.12676e-16
4176.76803621 2.10878e-16
4178.95174202 1.92104e-16
4181.13544783 1.91036e-16
4183.31915363 2.06067e-16
4185.50285944 1.97557e-16
4187.68656525 2.04318e-16
4189.87027105 2.31692e-16
4192.05397686 2.26393e-16
4194.23768267 2.29306e-16
4196.42138847 2.15985e-16
4198.60509428 2.01165e-16
4200.78880009 2.32123e-16
4202.97250589 2.24744e-16
4205.1562117 2.28124e-16
4207.33991751 2.33105e-16
4209.52362331 2.2499e-16
4211.70732912 2.20316e-16
4213.89103493 2.23319e-16
4216.07474073 2.31815e-16
4218.25844654 2.25605e-16
4220.44215235 2.06582e-16
4222.62585815 2.22789e-16
4224.80956396 2.23532e-16
4226.99326977 2.30471e-16
4229.17697557 2.41842e-16
4231.36068138 2.31802e-16
4233.54438719 2.30696e-16
4235.72809299 2.07624e-16
4237.9117988 1.92557e-16
4240.09550461 2.2431e-16
4242.27921041 2.32146e-16
4244.46291622 2.24824e-16
4246.64662203 2.10684e-16
4248.83032784 2.18726e-16
4251.01403364 2.0861e-16
4253.19773945 2.2888e-16
4255.38144526 2.41248e-16
4257.56515106 2.12654e-16
4259.74885687 2.41261e-16
4261.93256268 2.47301e-16
4264.11626848 2.3769e-16
4266.29997429 2.13347e-16
4268.4836801 2.06819e-16
4270.6673859 2.1937e-16
4272.85109171 2.27763e-16
4275.03479752 2.29878e-16
4277.21850332 2.32735e-16
4279.40220913 2.2807e-16
4281.58591494 2.38028e-16
4283.76962074 2.41445e-16
4285.95332655 2.25704e-16
4288.13703236 2.31656e-16
4290.32073816 2.32122e-16
4292.50444397 2.4782e-16
4294.68814978 2.52726e-16
4296.87185558 2.46281e-16
4299.05556139 2.73642e-16
4301.2392672 2.70441e-16
4303.422973 2.57951e-16
4305.60667881 2.49671e-16
4307.79038462 2.30402e-16
4309.97409042 2.42686e-16
4312.15779623 2.39322e-16
4314.34150204 2.40952e-16
4316.52520784 2.33229e-16
4318.70891365 2.378e-16
4320.89261946 2.57494e-16
4323.07632526 2.43884e-16
4325.26003107 2.43311e-16
4327.44373688 2.32588e-16
4329.62744268 2.45082e-16
4331.81114849 2.34771e-16
4333.9948543 2.4766e-16
4336.1785601 2.36333e-16
4338.36226591 2.39599e-16
4340.54597172 2.43166e-16
4342.72967752 2.3812e-16
4344.91338333 2.39386e-16
4347.09708914 2.34808e-16
4349.28079494 2.29553e-16
4351.46450075 2.17057e-16
4353.64820656 2.14491e-16
4355.83191236 2.30883e-16
4358.01561817 2.26084e-16
4360.19932398 2.23646e-16
4362.38302979 2.1543e-16
4364.56673559 2.19747e-16
4366.7504414 2.20461e-16
4368.93414721 2.19193e-16
4371.11785301 2.2936e-16
4373.30155882 2.26663e-16
4375.48526463 2.20839e-16
4377.66897043 2.2753e-16
4379.85267624 2.1896e-16
4382.03638205 1.99953e-16
4384.22008785 1.95553e-16
4386.40379366 2.10493e-16
4388.58749947 2.12578e-16
4390.77120527 2.12964e-16
4392.95491108 2.13733e-16
4395.13861689 2.25392e-16
4397.32232269 2.27397e-16
4399.5060285 2.1793e-16
4401.68973431 2.24224e-16
4403.87344011 2.2524e-16
4406.05714592 2.13641e-16
4408.24085173 2.182e-16
4410.42455753 2.06111e-16
4412.60826334 1.97425e-16
4414.79196915 2.15412e-16
4416.97567495 2.18863e-16
4419.15938076 2.08653e-16
4421.34308657 2.0037e-16
4423.52679237 2.10175e-16
4425.71049818 2.27355e-16
4427.89420399 2.24335e-16
4430.07790979 2.16937e-16
4432.2616156 2.23463e-16
4434.44532141 2.10268e-16
4436.62902721 1.9549e-16
4438.81273302 1.94008e-16
4440.99643883 1.93721e-16
4443.18014463 2.00723e-16
4445.36385044 2.08784e-16
4447.54755625 2.02711e-16
4449.73126205 1.99424e-16
4451.91496786 2.02977e-16
4454.09867367 2.19309e-16
4456.28237947 2.2191e-16
4458.46608528 2.11314e-16
4460.64979109 2.14257e-16
4462.83349689 2.11043e-16
4465.0172027 2.0679e-16
4467.20090851 2.12184e-16
4469.38461432 2.0405e-16
4471.56832012 2.06349e-16
4473.75202593 2.22513e-16
4475.93573174 2.14473e-16
4478.11943754 2.06103e-16
4480.30314335 2.17816e-16
4482.48684916 2.1778e-16
4484.67055496 1.9983e-16
4486.85426077 2.05376e-16
4489.03796658 2.05171e-16
4491.22167238 1.98684e-16
4493.40537819 2.09132e-16
4495.589084 2.06499e-16
4497.7727898 2.15569e-16
4499.95649561 2.06725e-16
4502.14020142 1.97855e-16
4504.32390722 1.98428e-16
4506.50761303 2.00489e-16
4508.69131884 1.91772e-16
4510.87502464 1.97294e-16
4513.05873045 2.0173e-16
4515.24243626 1.97963e-16
4517.42614206 1.73108e-16
4519.60984787 1.91148e-16
4521.79355368 2.00445e-16
4523.97725948 1.95417e-16
4526.16096529 2.00527e-16
4528.3446711 2.01938e-16
4530.5283769 2.13793e-16
4532.71208271 2.2008e-16
4534.89578852 2.21745e-16
4537.07949432 2.31397e-16
4539.26320013 2.29888e-16
4541.44690594 2.19998e-16
4543.63061174 2.19785e-16
4545.81431755 2.27993e-16
4547.99802336 2.47232e-16
4550.18172916 2.62515e-16
4552.36543497 2.72707e-16
4554.54914078 2.35522e-16
4556.73284658 2.39925e-16
4558.91655239 2.56883e-16
4561.1002582 2.59232e-16
4563.283964 2.61861e-16
4565.46766981 2.59939e-16
4567.65137562 2.5365e-16
4569.83508142 2.41917e-16
4572.01878723 2.16425e-16
4574.20249304 2.28203e-16
4576.38619884 2.42916e-16
4578.56990465 2.47366e-16
4580.75361046 2.52436e-16
4582.93731627 2.4417e-16
4585.12102207 2.78996e-16
4587.30472788 2.47695e-16
4589.48843369 2.26075e-16
4591.67213949 2.29614e-16
4593.8558453 2.32045e-16
4596.03955111 2.30422e-16
4598.22325691 2.36433e-16
4600.40696272 2.22334e-16
4602.59066853 2.13285e-16
4604.77437433 2.16275e-16
4606.95808014 2.12038e-16
4609.14178595 2.16915e-16
4611.32549175 2.10619e-16
4613.50919756 2.25798e-16
4615.69290337 2.2268e-16
4617.87660917 2.15683e-16
4620.06031498 2.25369e-16
4622.24402079 2.33839e-16
4624.42772659 2.2329e-16
4626.6114324 2.16324e-16
4628.79513821 2.14796e-16
4630.97884401 2.1802e-16
4633.16254982 2.35303e-16
4635.34625563 2.32674e-16
4637.52996143 2.27784e-16
4639.71366724 2.37336e-16
4641.89737305 2.41092e-16
4644.08107885 2.47419e-16
4646.26478466 2.34746e-16
4648.44849047 2.31475e-16
4650.63219627 2.37533e-16
4652.81590208 2.13216e-16
4654.99960789 2.1944e-16
4657.18331369 2.23362e-16
4659.3670195 2.2884e-16
4661.55072531 2.32792e-16
4663.73443111 2.23172e-16
4665.91813692 2.29049e-16
4668.10184273 2.49798e-16
4670.28554853 2.35848e-16
4672.46925434 2.27703e-16
4674.65296015 2.42466e-16
4676.83666595 2.44195e-16
4679.02037176 2.40358e-16
4681.20407757 2.25701e-16
4683.38778337 2.22642e-16
4685.57148918 2.28454e-16
4687.75519499 2.35192e-16
4689.93890079 2.38645e-16
4692.1226066 2.4299e-16
4694.30631241 2.38333e-16
4696.49001822 2.45295e-16
4698.67372402 2.46926e-16
4700.85742983 2.41985e-16
4703.04113564 2.51017e-16
4705.22484144 2.35192e-16
4707.40854725 2.34255e-16
4709.59225306 2.46762e-16
4711.77595886 2.4403e-16
4713.95966467 2.47564e-16
4716.14337048 2.27457e-16
4718.32707628 2.22004e-16
4720.51078209 2.42673e-16
4722.6944879 2.29912e-16
4724.8781937 2.35267e-16
4727.06189951 2.55974e-16
4729.24560532 2.60649e-16
4731.42931112 2.59983e-16
4733.61301693 2.53189e-16
4735.79672274 2.40952e-16
4737.98042854 2.52508e-16
4740.16413435 2.4172e-16
4742.34784016 2.29777e-16
4744.53154596 2.5058e-16
4746.71525177 2.52114e-16
4748.89895758 2.45118e-16
4751.08266338 2.40263e-16
4753.26636919 2.25424e-16
4755.450075 2.28461e-16
4757.6337808 2.31314e-16
4759.81748661 2.34943e-16
4762.00119242 2.4311e-16
4764.18489822 2.30117e-16
4766.36860403 2.44224e-16
4768.55230984 2.3692e-16
4770.73601564 2.38676e-16
4772.91972145 2.38841e-16
4775.10342726 2.21744e-16
4777.28713306 2.27736e-16
4779.47083887 2.27099e-16
4781.65454468 2.45359e-16
4783.83825048 2.36647e-16
4786.02195629 2.39966e-16
4788.2056621 2.37333e-16
4790.3893679 2.36391e-16
4792.57307371 2.46817e-16
4794.75677952 2.36243e-16
4796.94048532 2.4322e-16
4799.12419113 2.43349e-16
4801.30789694 2.45538e-16
4803.49160275 2.33246e-16
4805.67530855 2.55177e-16
4807.85901436 2.37386e-16
4810.04272017 2.33003e-16
4812.22642597 2.26273e-16
4814.41013178 2.42964e-16
4816.59383759 2.46042e-16
4818.77754339 2.29286e-16
4820.9612492 2.42623e-16
4823.14495501 2.3294e-16
4825.32866081 2.33851e-16
4827.51236662 2.31386e-16
4829.69607243 2.26143e-16
4831.87977823 2.5148e-16
4834.06348404 2.4564e-16
4836.24718985 2.55352e-16
4838.43089565 2.5168e-16
4840.61460146 2.53255e-16
4842.79830727 2.50639e-16
4844.98201307 2.40891e-16
4847.16571888 2.52799e-16
4849.34942469 2.60541e-16
4851.53313049 2.73903e-16
4853.7168363 2.6534e-16
4855.90054211 2.54744e-16
4858.08424791 2.55245e-16
4860.26795372 2.53378e-16
4862.45165953 2.5429e-16
4864.63536533 2.54922e-16
4866.81907114 2.60059e-16
4869.00277695 2.52967e-16
4871.18648275 2.49523e-16
4873.37018856 2.47759e-16
4875.55389437 2.55549e-16
4877.73760017 2.48811e-16
4879.92130598 2.63751e-16
4882.10501179 2.51503e-16
4884.28871759 2.55671e-16
4886.4724234 2.46201e-16
4888.65612921 2.52701e-16
4890.83983501 2.60725e-16
4893.02354082 2.59652e-16
4895.20724663 2.69418e-16
4897.39095243 2.58064e-16
4899.57465824 2.45671e-16
4901.75836405 2.45471e-16
4903.94206985 2.59294e-16
4906.12577566 2.49683e-16
4908.30948147 2.68117e-16
4910.49318727 2.71966e-16
4912.67689308 2.46812e-16
4914.86059889 2.51932e-16
4917.0443047 2.63954e-16
4919.2280105 2.6276e-16
4921.41171631 2.66725e-16
4923.59542212 2.69801e-16
4925.77912792 2.60705e-16
4927.96283373 2.59665e-16
4930.14653954 2.67015e-16
4932.33024534 2.58777e-16
4934.51395115 2.38457e-16
4936.69765696 2.35231e-16
4938.88136276 2.50905e-16
4941.06506857 2.37221e-16
4943.24877438 2.43832e-16
4945.43248018 2.45902e-16
4947.61618599 2.40524e-16
4949.7998918 2.49212e-16
4951.9835976 2.45488e-16
4954.16730341 2.48501e-16
4956.35100922 2.51686e-16
4958.53471502 2.51272e-16
4960.71842083 2.50288e-16
4962.90212664 2.31417e-16
4965.08583244 2.28293e-16
4967.26953825 2.35971e-16
4969.45324406 2.4033e-16
4971.63694986 2.45087e-16
4973.82065567 2.5018e-16
4976.00436148 2.41925e-16
4978.18806728 2.37006e-16
4980.37177309 2.44595e-16
4982.5554789 2.40617e-16
4984.7391847 2.45022e-16
4986.92289051 2.3887e-16
4989.10659632 2.19922e-16
4991.29030212 2.28538e-16
4993.47400793 2.35467e-16
4995.65771374 2.35123e-16
4997.84141954 2.49763e-16
5000.02512535 2.51926e-16
5002.20883116 2.36863e-16
5004.39253696 2.38885e-16
5006.57624277 2.30646e-16
5008.75994858 2.26696e-16
5010.94365438 2.4208e-16
5013.12736019 2.41333e-16
5015.311066 2.39675e-16
5017.4947718 2.44354e-16
5019.67847761 2.39179e-16
5021.86218342 2.41553e-16
5024.04588923 2.39704e-16
5026.22959503 2.41711e-16
5028.41330084 2.45218e-16
5030.59700665 2.42882e-16
5032.78071245 2.35846e-16
5034.96441826 2.27787e-16
5037.14812407 2.26376e-16
5039.33182987 2.32832e-16
5041.51553568 2.48423e-16
5043.69924149 2.51695e-16
5045.88294729 2.41906e-16
5048.0666531 2.40844e-16
5050.25035891 2.29277e-16
5052.43406471 2.37996e-16
5054.61777052 2.49795e-16
5056.80147633 2.44781e-16
5058.98518213 2.37829e-16
5061.16888794 2.34461e-16
5063.35259375 2.3735e-16
5065.53629955 2.47209e-16
5067.72000536 2.41146e-16
5069.90371117 2.50564e-16
5072.08741697 2.43841e-16
5074.27112278 2.3912e-16
5076.45482859 2.45928e-16
5078.63853439 2.49299e-16
5080.8222402 2.44581e-16
5083.00594601 2.53696e-16
5085.18965181 2.53095e-16
5087.37335762 2.44473e-16
5089.55706343 2.69187e-16
5091.74076923 2.82498e-16
5093.92447504 3.05581e-16
5096.10818085 3.17851e-16
5098.29188665 3.1295e-16
5100.47559246 3.08928e-16
5102.65929827 3.21998e-16
5104.84300407 3.17779e-16
5107.02670988 3.18883e-16
5109.21041569 3.05928e-16
5111.39412149 3.07919e-16
5113.5778273 2.9228e-16
5115.76153311 2.80923e-16
5117.94523891 2.73545e-16
5120.12894472 2.67135e-16
5122.31265053 2.55303e-16
5124.49635633 2.54829e-16
5126.68006214 2.47337e-16
5128.86376795 2.42107e-16
5131.04747375 2.36022e-16
5133.23117956 2.46083e-16
5135.41488537 2.41415e-16
5137.59859118 2.55719e-16
5139.78229698 2.46373e-16
5141.96600279 2.44628e-16
5144.1497086 2.46798e-16
5146.3334144 2.44051e-16
5148.51712021 2.35929e-16
5150.70082602 2.41483e-16
5152.88453182 2.53178e-16
5155.06823763 2.62338e-16
5157.25194344 2.57465e-16
5159.43564924 2.40868e-16
5161.61935505 2.48143e-16
5163.80306086 2.35516e-16
5165.98676666 2.27684e-16
5168.17047247 2.22822e-16
5170.35417828 2.2606e-16
5172.53788408 2.50896e-16
5174.72158989 2.5208e-16
5176.9052957 2.42956e-16
5179.0890015 2.48624e-16
5181.27270731 2.33962e-16
5183.45641312 2.34015e-16
5185.64011892 2.30407e-16
5187.82382473 2.31031e-16
5190.00753054 2.34323e-16
5192.19123634 2.57381e-16
5194.37494215 2.46291e-16
5196.55864796 2.31001e-16
5198.74235376 2.3952e-16
5200.92605957 2.39716e-16
5203.10976538 2.47516e-16
5205.29347118 2.42592e-16
5207.47717699 2.48021e-16
5209.6608828 2.44412e-16
5211.8445886 2.49555e-16
5214.02829441 2.41357e-16
5216.21200022 2.26669e-16
5218.39570602 2.28498e-16
5220.57941183 2.30753e-16
5222.76311764 2.28118e-16
5224.94682344 2.33255e-16
5227.13052925 2.15332e-16
5229.31423506 2.19992e-16
5231.49794086 2.19945e-16
5233.68164667 2.14512e-16
5235.86535248 2.18422e-16
5238.04905828 2.22953e-16
5240.23276409 2.30333e-16
5242.4164699 2.2304e-16
5244.6001757 2.26126e-16
5246.78388151 2.40918e-16
5248.96758732 2.35156e-16
5251.15129313 2.23478e-16
5253.33499893 2.13991e-16
5255.51870474 2.42423e-16
5257.70241055 2.51044e-16
5259.88611635 2.38527e-16
5262.06982216 2.28364e-16
5264.25352797 2.08348e-16
5266.43723377 2.10813e-16
5268.62093958 2.25115e-16
5270.80464539 2.12366e-16
5272.98835119 2.06027e-16
5275.172057 2.14205e-16
5277.35576281 2.16193e-16
5279.53946861 2.11486e-16
5281.72317442 2.22884e-16
5283.90688023 2.33435e-16
5286.09058603 2.19617e-16
5288.27429184 2.08221e-16
5290.45799765 2.01559e-16
5292.64170345 1.99044e-16
5294.82540926 2.19257e-16
5297.00911507 2.26835e-16
5299.19282087 2.1871e-16
5301.37652668 2.26191e-16
5303.56023249 2.3461e-16
5305.74393829 2.27098e-16
5307.9276441 2.24172e-16
5310.11134991 2.2698e-16
5312.29505571 2.3298e-16
5314.47876152 2.40494e-16
5316.66246733 2.26345e-16
5318.84617313 2.25289e-16
5321.02987894 2.28137e-16
5323.21358475 2.24167e-16
5325.39729055 2.24155e-16
5327.58099636 2.29014e-16
5329.76470217 2.14928e-16
5331.94840797 2.19874e-16
5334.13211378 2.19433e-16
5336.31581959 2.15762e-16
5338.49952539 2.16106e-16
5340.6832312 2.21992e-16
5342.86693701 2.22054e-16
5345.05064281 2.28094e-16
5347.23434862 2.19996e-16
5349.41805443 2.30132e-16
5351.60176023 2.24337e-16
5353.78546604 2.14023e-16
5355.96917185 2.11111e-16
5358.15287766 2.05897e-16
5360.33658346 2.15093e-16
5362.52028927 2.31805e-16
5364.70399508 2.27781e-16
5366.88770088 2.06847e-16
5369.07140669 2.22093e-16
5371.2551125 2.2749e-16
5373.4388183 2.33782e-16
5375.62252411 2.2209e-16
5377.80622992 2.18572e-16
5379.98993572 2.23204e-16
5382.17364153 2.29566e-16
5384.35734734 2.1726e-16
5386.54105314 2.16695e-16
5388.72475895 2.18047e-16
5390.90846476 2.26749e-16
5393.09217056 2.34847e-16
5395.27587637 2.23829e-16
5397.45958218 2.12027e-16
5399.64328798 2.18656e-16
5401.82699379 2.17676e-16
5404.0106996 2.26042e-16
5406.1944054 2.34229e-16
5408.37811121 2.20382e-16
5410.56181702 2.13824e-16
5412.74552282 2.22717e-16
5414.92922863 2.21524e-16
5417.11293444 2.2507e-16
5419.29664024 2.21732e-16
5421.48034605 2.13511e-16
5423.66405186 2.11749e-16
5425.84775766 1.96643e-16
5428.03146347 1.93454e-16
5430.21516928 1.96296e-16
5432.39887508 2.0033e-16
5434.58258089 2.2131e-16
5436.7662867 2.23595e-16
5438.9499925 2.12041e-16
5441.13369831 2.07525e-16
5443.31740412 2.04126e-16
5445.50110992 2.02239e-16
5447.68481573 2.08509e-16
5449.86852154 2.11508e-16
5452.05222734 2.20313e-16
5454.23593315 2.23521e-16
5456.41963896 2.19324e-16
5458.60334476 2.19137e-16
5460.78705057 2.26934e-16
5462.97075638 2.33469e-16
5465.15446218 2.23841e-16
5467.33816799 2.18641e-16
5469.5218738 2.25102e-16
5471.70557961 2.23267e-16
5473.88928541 2.19987e-16
5476.07299122 2.26971e-16
5478.25669703 2.30045e-16
5480.44040283 2.40138e-16
5482.62410864 2.34853e-16
5484.80781445 2.3087e-16
5486.99152025 2.27617e-16
5489.17522606 2.27838e-16
5491.35893187 2.18218e-16
5493.54263767 2.33987e-16
5495.72634348 2.35465e-16
5497.91004929 2.21878e-16
5500.09375509 2.34824e-16
5502.2774609 2.35246e-16
5504.46116671 2.43312e-16
5506.64487251 2.35762e-16
5508.82857832 2.46685e-16
5511.01228413 2.34782e-16
5513.19598993 2.38581e-16
5515.37969574 2.28029e-16
5517.56340155 2.31866e-16
5519.74710735 2.34438e-16
5521.93081316 2.38893e-16
5524.11451897 2.31767e-16
5526.29822477 2.32636e-16
5528.48193058 2.19531e-16
5530.66563639 2.20896e-16
5532.84934219 2.00351e-16
5535.033048 2.14118e-16
5537.21675381 2.20517e-16
5539.40045961 2.29447e-16
5541.58416542 2.27172e-16
5543.76787123 2.43409e-16
5545.95157703 2.43926e-16
5548.13528284 2.35766e-16
5550.31898865 2.40349e-16
5552.50269445 2.40143e-16
5554.68640026 2.54775e-16
5556.87010607 2.41862e-16
5559.05381187 2.39884e-16
5561.23751768 2.47732e-16
5563.42122349 2.38582e-16
5565.60492929 2.39949e-16
5567.7886351 2.32297e-16
5569.97234091 2.26688e-16
5572.15604671 2.37199e-16
5574.33975252 2.41903e-16
5576.52345833 2.45206e-16
5578.70716414 2.66699e-16
5580.89086994 2.52148e-16
5583.07457575 2.4159e-16
5585.25828156 2.37179e-16
5587.44198736 2.46779e-16
5589.62569317 2.35927e-16
5591.80939898 2.30055e-16
5593.99310478 2.33508e-16
5596.17681059 2.21911e-16
5598.3605164 2.24182e-16
5600.5442222 2.28177e-16
5602.72792801 2.22505e-16
5604.91163382 2.3968e-16
5607.09533962 2.30698e-16
5609.27904543 2.21422e-16
5611.46275124 2.32816e-16
5613.64645704 2.26601e-16
5615.83016285 2.32072e-16
5618.01386866 2.3211e-16
5620.19757446 2.32398e-16
5622.38128027 2.4416e-16
5624.56498608 2.32291e-16
5626.74869188 2.36181e-16
5628.93239769 2.30354e-16
5631.1161035 2.31545e-16
5633.2998093 2.38285e-16
5635.48351511 2.37007e-16
5637.66722092 2.25264e-16
5639.85092672 2.20774e-16
5642.03463253 2.28333e-16
5644.21833834 2.21397e-16
5646.40204414 2.23382e-16
5648.58574995 2.34703e-16
5650.76945576 2.34411e-16
5652.95316156 2.35221e-16
5655.13686737 2.3313e-16
5657.32057318 2.37199e-16
5659.50427898 2.32214e-16
5661.68798479 2.3404e-16
5663.8716906 2.41936e-16
5666.0553964 2.29416e-16
5668.23910221 2.22139e-16
5670.42280802 2.19303e-16
5672.60651382 2.28009e-16
5674.79021963 2.21155e-16
5676.97392544 2.09663e-16
5679.15763124 2.10925e-16
5681.34133705 2.2408e-16
5683.52504286 2.24362e-16
5685.70874866 2.36291e-16
5687.89245447 2.40003e-16
5690.07616028 2.26553e-16
5692.25986609 2.25293e-16
5694.44357189 2.27458e-16
5696.6272777 2.31513e-16
5698.81098351 2.27018e-16
5700.99468931 2.24295e-16
5703.17839512 2.2604e-16
5705.36210093 2.28443e-16
5707.54580673 2.2404e-16
5709.72951254 2.25563e-16
5711.91321835 2.30562e-16
5714.09692415 2.27453e-16
5716.28062996 2.30107e-16
5718.46433577 2.2931e-16
5720.64804157 2.30273e-16
5722.83174738 2.25123e-16
5725.01545319 2.23258e-16
5727.19915899 2.33691e-16
5729.3828648 2.20522e-16
5731.56657061 2.24155e-16
5733.75027641 2.3714e-16
5735.93398222 2.30341e-16
5738.11768803 2.24812e-16
5740.30139383 2.30358e-16
5742.48509964 2.34321e-16
5744.66880545 2.40521e-16
5746.85251125 2.31436e-16
5749.03621706 2.20979e-16
5751.21992287 2.13818e-16
5753.40362867 2.05033e-16
5755.58733448 2.21068e-16
5757.77104029 2.20916e-16
5759.95474609 2.16974e-16
5762.1384519 2.32568e-16
5764.32215771 2.35126e-16
5766.50586351 2.21798e-16
5768.68956932 2.26917e-16
5770.87327513 2.29523e-16
5773.05698093 2.11423e-16
5775.24068674 2.08304e-16
5777.42439255 2.21437e-16
5779.60809835 2.22605e-16
5781.79180416 2.22207e-16
5783.97550997 2.20248e-16
5786.15921577 2.13855e-16
5788.34292158 2.06894e-16
5790.52662739 2.16857e-16
5792.71033319 2.30346e-16
5794.894039 2.2966e-16
5797.07774481 2.27396e-16
5799.26145061 2.26682e-16
5801.44515642 2.2843e-16
5803.62886223 2.25992e-16
5805.81256804 2.28419e-16
5807.99627384 2.18051e-16
5810.17997965 2.16353e-16
5812.36368546 2.23584e-16
5814.54739126 2.26216e-16
5816.73109707 2.26665e-16
5818.91480288 2.18711e-16
5821.09850868 2.2805e-16
5823.28221449 2.30506e-16
5825.4659203 2.3152e-16
5827.6496261 2.3277e-16
5829.83333191 2.28439e-16
5832.01703772 2.23176e-16
5834.20074352 2.24391e-16
5836.38444933 2.3132e-16
5838.56815514 2.23398e-16
5840.75186094 2.22424e-16
5842.93556675 2.20531e-16
5845.11927256 2.28825e-16
5847.30297836 2.26917e-16
5849.48668417 2.1897e-16
5851.67038998 2.23452e-16
5853.85409578 2.26152e-16
5856.03780159 2.19988e-16
5858.2215074 2.26408e-16
5860.4052132 2.28559e-16
5862.58891901 2.20548e-16
5864.77262482 2.27938e-16
5866.95633062 2.29939e-16
5869.14003643 2.04353e-16
5871.32374224 2.14872e-16
5873.50744804 2.11352e-16
5875.69115385 2.18635e-16
5877.87485966 2.18339e-16
5880.05856546 2.07286e-16
5882.24227127 2.11746e-16
5884.42597708 2.10806e-16
5886.60968288 2.05422e-16
5888.79338869 2.00858e-16
5890.9770945 2.06667e-16
5893.1608003 1.95271e-16
5895.34450611 1.94553e-16
5897.52821192 1.95026e-16
5899.71191772 1.97852e-16
5901.89562353 2.06834e-16
5904.07932934 2.08298e-16
5906.26303514 2.144e-16
5908.44674095 2.0625e-16
5910.63044676 2.09439e-16
5912.81415257 2.23876e-16
5914.99785837 2.37582e-16
5917.18156418 2.28027e-16
5919.36526999 2.14668e-16
5921.54897579 2.12626e-16
5923.7326816 2.09169e-16
5925.91638741 2.01472e-16
5928.10009321 2.17454e-16
5930.28379902 2.26483e-16
5932.46750483 2.22947e-16
5934.65121063 2.20219e-16
5936.83491644 2.22105e-16
5939.01862225 2.16223e-16
5941.20232805 2.00665e-16
5943.38603386 2.0246e-16
5945.56973967 2.15973e-16
5947.75344547 2.27236e-16
5949.93715128 2.21619e-16
5952.12085709 2.11407e-16
5954.30456289 2.34292e-16
5956.4882687 2.48124e-16
5958.67197451 2.31662e-16
5960.85568031 2.28901e-16
5963.03938612 2.21112e-16
5965.22309193 2.25453e-16
5967.40679773 2.22029e-16
5969.59050354 2.17754e-16
5971.77420935 2.2177e-16
5973.95791515 2.15084e-16
5976.14162096 2.18964e-16
5978.32532677 2.24597e-16
5980.50903257 2.22151e-16
5982.69273838 2.22064e-16
5984.87644419 2.23992e-16
5987.06014999 2.21883e-16
5989.2438558 2.1832e-16
5991.42756161 2.19711e-16
5993.61126741 2.13852e-16
5995.79497322 2.24115e-16
5997.97867903 2.111e-16
6000.16238483 2.09675e-16
6002.34609064 2.20327e-16
6004.52979645 2.25157e-16
6006.71350225 2.40901e-16
6008.89720806 2.30823e-16
6011.08091387 2.29505e-16
6013.26461967 2.37912e-16
6015.44832548 2.1556e-16
6017.63203129 2.23357e-16
6019.81573709 2.36852e-16
6021.9994429 2.38518e-16
6024.18314871 2.21611e-16
6026.36685452 2.22402e-16
6028.55056032 2.27297e-16
6030.73426613 2.3005e-16
6032.91797194 2.31812e-16
6035.10167774 2.3615e-16
6037.28538355 2.20928e-16
6039.46908936 2.19539e-16
6041.65279516 2.27627e-16
6043.83650097 2.27354e-16
6046.02020678 2.27986e-16
6048.20391258 2.28459e-16
6050.38761839 2.31103e-16
6052.5713242 2.31007e-16
6054.75503 2.20146e-16
6056.93873581 2.28052e-16
6059.12244162 2.27675e-16
6061.30614742 2.28818e-16
6063.48985323 2.30322e-16
6065.67355904 2.3708e-16
6067.85726484 2.25267e-16
6070.04097065 2.13497e-16
6072.22467646 2.25491e-16
6074.40838226 2.32944e-16
6076.59208807 2.24154e-16
6078.77579388 2.20422e-16
6080.95949968 2.20761e-16
6083.14320549 2.2019e-16
6085.3269113 2.23252e-16
6087.5106171 2.24356e-16
6089.69432291 2.33319e-16
6091.87802872 2.32943e-16
6094.06173452 2.29745e-16
6096.24544033 2.2463e-16
6098.42914614 2.28203e-16
6100.61285194 2.30098e-16
6102.79655775 2.38445e-16
6104.98026356 2.28514e-16
6107.16396936 2.33416e-16
6109.34767517 2.33605e-16
6111.53138098 2.25886e-16
6113.71508678 2.22742e-16
6115.89879259 2.36586e-16
6118.0824984 2.36759e-16
6120.2662042 2.39488e-16
6122.44991001 2.39122e-16
6124.63361582 2.31531e-16
6126.81732162 2.27355e-16
6129.00102743 2.2538e-16
6131.18473324 2.36527e-16
6133.36843904 2.34581e-16
6135.55214485 2.2589e-16
6137.73585066 2.33617e-16
6139.91955647 2.34708e-16
6142.10326227 2.3213e-16
6144.28696808 2.24025e-16
6146.47067389 2.25982e-16
6148.65437969 2.28518e-16
6150.8380855 2.3139e-16
6153.02179131 2.07174e-16
6155.20549711 2.24837e-16
6157.38920292 2.40014e-16
6159.57290873 2.40798e-16
6161.75661453 2.36419e-16
6163.94032034 2.35554e-16
6166.12402615 2.41679e-16
6168.30773195 2.34742e-16
6170.49143776 2.41248e-16
6172.67514357 2.33654e-16
6174.85884937 2.31075e-16
6177.04255518 2.27315e-16
6179.22626099 2.17786e-16
6181.40996679 2.12552e-16
6183.5936726 2.20255e-16
6185.77737841 2.01007e-16
6187.96108421 1.92172e-16
6190.14479002 1.98619e-16
6192.32849583 2.12763e-16
6194.51220163 2.13726e-16
6196.69590744 1.98473e-16
6198.87961325 2.17966e-16
6201.06331905 2.21585e-16
6203.24702486 2.26028e-16
6205.43073067 2.19993e-16
6207.61443647 2.08257e-16
6209.79814228 2.17891e-16
6211.98184809 2.21354e-16
6214.16555389 2.22576e-16
6216.3492597 2.18254e-16
6218.53296551 2.17708e-16
6220.71667131 2.15036e-16
6222.90037712 2.19526e-16
6225.08408293 2.2629e-16
6227.26778873 2.15108e-16
6229.45149454 2.17594e-16
6231.63520035 2.26379e-16
6233.81890615 2.07418e-16
6236.00261196 2.25095e-16
6238.18631777 2.24861e-16
6240.37002357 2.27813e-16
6242.55372938 2.11748e-16
6244.73743519 2.17521e-16
6246.921141 2.0849e-16
6249.1048468 2.14615e-16
6251.28855261 2.09141e-16
6253.47225842 2.14534e-16
6255.65596422 2.23205e-16
6257.83967003 2.03222e-16
6260.02337584 1.97912e-16
6262.20708164 2.24827e-16
6264.39078745 2.26741e-16
6266.57449326 2.11374e-16
6268.75819906 2.18015e-16
6270.94190487 2.11427e-16
6273.12561068 2.08455e-16
6275.30931648 2.07255e-16
6277.49302229 1.96095e-16
6279.6767281 2.05928e-16
6281.8604339 2.04506e-16
6284.04413971 2.1085e-16
6286.22784552 2.17971e-16
6288.41155132 2.06127e-16
6290.59525713 2.26462e-16
6292.77896294 2.18462e-16
6294.96266874 2.15138e-16
6297.14637455 2.20316e-16
6299.33008036 2.17388e-16
6301.51378616 2.12152e-16
6303.69749197 2.10266e-16
6305.88119778 2.05765e-16
6308.06490358 2.06273e-16
6310.24860939 1.98371e-16
6312.4323152 2.00591e-16
6314.616021 2.11644e-16
6316.79972681 1.98303e-16
6318.98343262 2.0669e-16
6321.16713842 2.03161e-16
6323.35084423 2.09798e-16
6325.53455004 2.08994e-16
6327.71825584 2.09926e-16
6329.90196165 2.05025e-16
6332.08566746 2.11432e-16
6334.26937326 2.14176e-16
6336.45307907 2.13105e-16
6338.63678488 2.15842e-16
6340.82049068 2.19437e-16
6343.00419649 2.21138e-16
6345.1879023 2.42619e-16
6347.3716081 2.33078e-16
6349.55531391 2.26943e-16
6351.73901972 2.25127e-16
6353.92272552 2.11573e-16
6356.10643133 2.19724e-16
6358.29013714 2.27543e-16
6360.47384295 2.13325e-16
6362.65754875 2.17793e-16
6364.84125456 2.27689e-16
6367.02496037 2.26248e-16
6369.20866617 2.2861e-16
6371.39237198 2.1853e-16
6373.57607779 2.22039e-16
6375.75978359 2.22177e-16
6377.9434894 2.23743e-16
6380.12719521 2.10271e-16
6382.31090101 2.1037e-16
6384.49460682 2.20261e-16
6386.67831263 2.21205e-16
6388.86201843 2.23832e-16
6391.04572424 2.31694e-16
6393.22943005 2.22179e-16
6395.41313585 2.03839e-16
6397.59684166 2.15906e-16
6399.78054747 2.20551e-16
6401.96425327 2.12336e-16
6404.14795908 2.09691e-16
6406.33166489 2.11422e-16
6408.51537069 2.0833e-16
6410.6990765 2.17474e-16
6412.88278231 2.13602e-16
6415.06648811 2.138e-16
6417.25019392 2.20847e-16
6419.43389973 2.21716e-16
6421.61760553 2.10075e-16
6423.80131134 2.04249e-16
6425.98501715 2.09221e-16
6428.16872295 2.0827e-16
6430.35242876 2.14305e-16
6432.53613457 2.12232e-16
6434.71984037 2.05325e-16
6436.90354618 2.09661e-16
6439.08725199 2.16182e-16
6441.27095779 2.09161e-16
6443.4546636 1.95762e-16
6445.63836941 1.94078e-16
6447.82207521 2.08755e-16
6450.00578102 2.11257e-16
6452.18948683 2.13066e-16
6454.37319263 2.16728e-16
6456.55689844 2.11968e-16
6458.74060425 2.13846e-16
6460.92431005 2.1338e-16
6463.10801586 2.14771e-16
6465.29172167 2.11849e-16
6467.47542748 2.06301e-16
6469.65913328 1.92767e-16
6471.84283909 1.82309e-16
6474.0265449 1.89066e-16
6476.2102507 1.93864e-16
6478.39395651 1.92047e-16
6480.57766232 1.93981e-16
6482.76136812 2.03922e-16
6484.94507393 2.09072e-16
6487.12877974 2.0825e-16
6489.31248554 2.13349e-16
6491.49619135 2.03685e-16
6493.67989716 1.99016e-16
6495.86360296 2.03902e-16
6498.04730877 2.0001e-16
6500.23101458 2.02526e-16
6502.41472038 1.98536e-16
6504.59842619 1.95947e-16
6506.782132 2.07551e-16
6508.9658378 2.10078e-16
6511.14954361 2.11568e-16
6513.33324942 2.04485e-16
6515.51695522 2.05282e-16
6517.70066103 2.12685e-16
6519.88436684 2.11837e-16
6522.06807264 2.06742e-16
6524.25177845 2.09126e-16
6526.43548426 2.12401e-16
6528.61919006 1.97212e-16
6530.80289587 1.97991e-16
6532.98660168 2.02643e-16
6535.17030748 2.03835e-16
6537.35401329 2.13733e-16
6539.5377191 2.08808e-16
6541.7214249 2.04044e-16
6543.90513071 1.98894e-16
6546.08883652 1.98097e-16
6548.27254232 2.04447e-16
6550.45624813 1.94759e-16
6552.63995394 1.94241e-16
6554.82365974 2.03971e-16
6557.00736555 1.99171e-16
6559.19107136 1.9237e-16
6561.37477716 1.98439e-16
6563.55848297 2.08817e-16
6565.74218878 2.14553e-16
6567.92589458 2.02185e-16
6570.10960039 1.94681e-16
6572.2933062 1.92492e-16
6574.477012 1.90836e-16
6576.66071781 2.09145e-16
6578.84442362 2.14824e-16
6581.02812943 2.06189e-16
6583.21183523 2.0973e-16
6585.39554104 2.06442e-16
6587.57924685 1.99446e-16
6589.76295265 2.12469e-16
6591.94665846 2.12935e-16
6594.13036427 2.14654e-16
6596.31407007 2.09271e-16
6598.49777588 2.08537e-16
6600.68148169 2.18411e-16
6602.86518749 2.07287e-16
6605.0488933 2.06453e-16
6607.23259911 2.05477e-16
6609.41630491 2.05603e-16
6611.60001072 2.18252e-16
6613.78371653 2.19315e-16
6615.96742233 2.09595e-16
6618.15112814 2.11601e-16
6620.33483395 2.0418e-16
6622.51853975 2.02739e-16
6624.70224556 2.11264e-16
6626.88595137 2.18002e-16
6629.06965717 2.11679e-16
6631.25336298 2.02903e-16
6633.43706879 2.1158e-16
6635.62077459 1.98968e-16
6637.8044804 1.91775e-16
6639.98818621 2.03493e-16
6642.17189201 2.20876e-16
6644.35559782 2.13848e-16
6646.53930363 1.97788e-16
6648.72300943 2.05193e-16
6650.90671524 2.09852e-16
6653.09042105 2.049e-16
6655.27412685 2.13403e-16
6657.45783266 2.16199e-16
6659.64153847 2.1319e-16
6661.82524427 2.09877e-16
6664.00895008 2.16697e-16
6666.19265589 2.16829e-16
6668.37636169 2.11789e-16
6670.5600675 2.00431e-16
6672.74377331 2.01393e-16
6674.92747911 2.12891e-16
6677.11118492 2.12721e-16
6679.29489073 2.17037e-16
6681.47859653 2.21659e-16
6683.66230234 2.27779e-16
6685.84600815 2.28143e-16
6688.02971395 2.23267e-16
6690.21341976 2.2722e-16
6692.39712557 2.22479e-16
6694.58083138 2.2982e-16
6696.76453718 2.2675e-16
6698.94824299 2.14963e-16
6701.1319488 2.19079e-16
6703.3156546 2.17833e-16
6705.49936041 2.21001e-16
6707.68306622 2.20944e-16
6709.86677202 2.13295e-16
6712.05047783 2.18051e-16
6714.23418364 2.21116e-16
6716.41788944 2.09407e-16
6718.60159525 2.22893e-16
6720.78530106 2.29218e-16
6722.96900686 2.07189e-16
6725.15271267 2.07546e-16
6727.33641848 2.26177e-16
6729.52012428 2.1588e-16
6731.70383009 2.14989e-16
6733.8875359 2.1862e-16
6736.0712417 2.13204e-16
6738.25494751 2.27662e-16
6740.43865332 2.20048e-16
6742.62235912 2.06822e-16
6744.80606493 2.31495e-16
6746.98977074 2.23689e-16
6749.17347654 2.11402e-16
6751.35718235 2.1975e-16
6753.54088816 2.23139e-16
6755.72459396 2.06068e-16
6757.90829977 2.01054e-16
6760.09200558 2.12612e-16
6762.27571138 2.19152e-16
6764.45941719 2.11035e-16
6766.643123 2.27375e-16
6768.8268288 2.30577e-16
6771.01053461 2.08994e-16
6773.19424042 2.12241e-16
6775.37794622 2.12169e-16
6777.56165203 1.99695e-16
6779.74535784 2.22102e-16
6781.92906364 2.34681e-16
6784.11276945 2.23552e-16
6786.29647526 2.22185e-16
6788.48018106 2.36898e-16
6790.66388687 2.19496e-16
6792.84759268 2.24681e-16
6795.03129848 2.16457e-16
6797.21500429 2.22821e-16
6799.3987101 2.25363e-16
6801.58241591 2.20743e-16
6803.76612171 2.37829e-16
6805.94982752 2.28264e-16
6808.13353333 2.23166e-16
6810.31723913 2.19039e-16
6812.50094494 2.16411e-16
6814.68465075 2.21507e-16
6816.86835655 2.13796e-16
6819.05206236 2.10655e-16
6821.23576817 2.13334e-16
6823.41947397 2.19746e-16
6825.60317978 2.21452e-16
6827.78688559 2.34717e-16
6829.97059139 2.42961e-16
6832.1542972 2.36273e-16
6834.33800301 2.52966e-16
6836.52170881 2.36417e-16
6838.70541462 2.28272e-16
6840.88912043 2.35674e-16
6843.07282623 2.48017e-16
6845.25653204 2.32704e-16
6847.44023785 2.34682e-16
6849.62394365 2.42604e-16
6851.80764946 2.44516e-16
6853.99135527 2.53175e-16
6856.17506107 2.52978e-16
6858.35876688 2.5781e-16
6860.54247269 2.6393e-16
6862.72617849 2.78541e-16
6864.9098843 2.71948e-16
6867.09359011 2.52918e-16
6869.27729591 2.1929e-16
6871.46100172 2.24456e-16
6873.64470753 2.64742e-16
6875.82841333 3.2521e-16
6878.01211914 3.84217e-16
6880.19582495 4.66623e-16
6882.37953075 5.01084e-16
6884.56323656 5.12123e-16
6886.74694237 5.15557e-16
6888.93064817 5.116e-16
6891.11435398 5.19445e-16
6893.29805979 5.25161e-16
6895.48176559 5.26196e-16
6897.6654714 5.13004e-16
6899.84917721 5.11248e-16
6902.03288301 4.83427e-16
6904.21658882 4.538e-16
6906.40029463 4.20027e-16
6908.58400043 3.79718e-16
6910.76770624 3.56347e-16
6912.95141205 3.49988e-16
6915.13511786 3.20935e-16
6917.31882366 3.01644e-16
6919.50252947 2.75193e-16
6921.68623528 2.43499e-16
6923.86994108 2.56565e-16
6926.05364689 2.42556e-16
6928.2373527 2.26822e-16
6930.4210585 2.39734e-16
6932.60476431 2.24974e-16
6934.78847012 2.30209e-16
6936.97217592 2.38744e-16
6939.15588173 2.24171e-16
6941.33958754 2.26571e-16
6943.52329334 2.33837e-16
6945.70699915 2.33285e-16
6947.89070496 2.31826e-16
6950.07441076 2.30936e-16
6952.25811657 2.31641e-16
6954.44182238 2.42652e-16
6956.62552818 2.14461e-16
6958.80923399 2.12728e-16
6960.9929398 2.3438e-16
6963.1766456 2.2615e-16
6965.36035141 2.30218e-16
6967.54405722 2.25577e-16
6969.72776302 2.23415e-16
6971.91146883 2.27827e-16
6974.09517464 2.22622e-16
6976.27888044 2.25151e-16
6978.46258625 2.24523e-16
6980.64629206 2.21367e-16
6982.82999786 2.25992e-16
6985.01370367 2.41377e-16
6987.19740948 2.24735e-16
6989.38111528 2.07417e-16
6991.56482109 2.11399e-16
6993.7485269 2.14072e-16
6995.9322327 2.14751e-16
6998.11593851 2.14517e-16
7000.29964432 2.182e-16
7002.48335012 2.17551e-16
7004.66705593 2.29251e-16
7006.85076174 2.35233e-16
7009.03446754 2.34896e-16
7011.21817335 2.15114e-16
7013.40187916 2.12954e-16
7015.58558496 2.11402e-16
7017.76929077 2.16364e-16
7019.95299658 2.2602e-16
7022.13670238 2.20673e-16
7024.32040819 2.13136e-16
7026.504114 2.07075e-16
7028.68781981 2.08037e-16
7030.87152561 2.16925e-16
7033.05523142 2.29829e-16
7035.23893723 2.37045e-16
7037.42264303 2.22865e-16
7039.60634884 2.10242e-16
7041.79005465 2.096e-16
7043.97376045 2.06056e-16
7046.15746626 2.1144e-16
7048.34117207 2.30288e-16
7050.52487787 2.28275e-16
7052.70858368 2.34736e-16
7054.89228949 2.50328e-16
7057.07599529 2.24051e-16
7059.2597011 2.21173e-16
7061.44340691 2.27161e-16
7063.62711271 2.16771e-16
7065.81081852 2.15276e-16
7067.99452433 2.32897e-16
7070.17823013 2.35247e-16
7072.36193594 2.10172e-16
7074.54564175 2.17352e-16
7076.72934755 2.09331e-16
7078.91305336 2.14519e-16
7081.09675917 2.07822e-16
7083.28046497 2.10306e-16
7085.46417078 2.15336e-16
7087.64787659 2.22753e-16
7089.83158239 2.27323e-16
7092.0152882 2.22279e-16
7094.19899401 2.22514e-16
7096.38269981 2.17932e-16
7098.56640562 2.21844e-16
7100.75011143 2.16845e-16
7102.93381723 2.16582e-16
7105.11752304 2.15115e-16
7107.30122885 2.12702e-16
7109.48493465 2.06841e-16
7111.66864046 2.14888e-16
7113.85234627 2.07566e-16
7116.03605207 2.10964e-16
7118.21975788 2.22307e-16
7120.40346369 2.22377e-16
7122.58716949 2.12356e-16
7124.7708753 2.04196e-16
7126.95458111 2.09615e-16
7129.13828691 2.14594e-16
7131.32199272 2.30688e-16
7133.50569853 2.22928e-16
7135.68940434 2.25986e-16
7137.87311014 1.96856e-16
7140.05681595 2.13055e-16
7142.24052176 1.98439e-16
7144.42422756 2.14253e-16
7146.60793337 2.07876e-16
7148.79163918 2.089e-16
7150.97534498 2.07931e-16
7153.15905079 2.00609e-16
7155.3427566 1.96154e-16
7157.5264624 2.12293e-16
7159.71016821 2.19951e-16
7161.89387402 2.19677e-16
7164.07757982 2.06033e-16
7166.26128563 1.93243e-16
7168.44499144 1.98489e-16
7170.62869724 1.82057e-16
7172.81240305 1.7453e-16
7174.99610886 1.82345e-16
7177.17981466 1.7342e-16
7179.36352047 1.66571e-16
7181.54722628 1.86662e-16
7183.73093208 1.69396e-16
7185.91463789 1.69141e-16
7188.0983437 1.58824e-16
7190.2820495 1.56199e-16
7192.46575531 1.81324e-16
7194.64946112 1.77964e-16
7196.83316692 1.83344e-16
7199.01687273 1.73064e-16
7201.20057854 1.75853e-16
7203.38428434 1.80416e-16
7205.56799015 1.81604e-16
7207.75169596 1.92999e-16
7209.93540176 2.06211e-16
7212.11910757 2.08242e-16
7214.30281338 2.04849e-16
7216.48651918 2.06976e-16
7218.67022499 2.05817e-16
7220.8539308 2.09728e-16
7223.0376366 2.1287e-16
7225.22134241 2.05241e-16
7227.40504822 2.12583e-16
7229.58875402 2.15131e-16
7231.77245983 2.00525e-16
7233.95616564 1.81401e-16
7236.13987144 1.80502e-16
7238.32357725 1.90319e-16
7240.50728306 2.04823e-16
7242.69098886 1.87619e-16
7244.87469467 1.75458e-16
7247.05840048 1.89379e-16
7249.24210629 1.96928e-16
7251.42581209 1.83238e-16
7253.6095179 1.68992e-16
7255.79322371 1.75222e-16
7257.97692951 1.94556e-16
7260.16063532 1.93261e-16
7262.34434113 1.82559e-16
7264.52804693 1.91275e-16
7266.71175274 1.81378e-16
7268.89545855 1.78616e-16
7271.07916435 1.82011e-16
7273.26287016 1.80728e-16
7275.44657597 1.81079e-16
7277.63028177 1.79959e-16
7279.81398758 1.83348e-16
7281.99769339 1.8616e-16
7284.18139919 2.03395e-16
7286.365105 1.97487e-16
7288.54881081 1.86225e-16
7290.73251661 1.79213e-16
7292.91622242 1.83855e-16
7295.09992823 1.92582e-16
7297.28363403 1.90503e-16
7299.46733984 2.00934e-16
7301.65104565 1.90741e-16
7303.83475145 1.85035e-16
7306.01845726 1.9415e-16
7308.20216307 1.97772e-16
7310.38586887 2.05007e-16
7312.56957468 2.00682e-16
7314.75328049 1.89278e-16
7316.93698629 1.94395e-16
7319.1206921 1.83209e-16
7321.30439791 2.00033e-16
7323.48810371 1.98419e-16
7325.67180952 1.94259e-16
7327.85551533 2.15095e-16
7330.03922113 1.90897e-16
7332.22292694 1.99379e-16
7334.40663275 2.16001e-16
7336.59033855 2.11899e-16
7338.77404436 2.08305e-16
7340.95775017 2.15647e-16
7343.14145597 2.30007e-16
7345.32516178 2.0833e-16
7347.50886759 2.1104e-16
7349.69257339 2.12781e-16
7351.8762792 2.13141e-16
7354.05998501 2.18624e-16
7356.24369082 2.09897e-16
7358.42739662 1.98234e-16
7360.61110243 1.94296e-16
7362.79480824 2.06153e-16
7364.97851404 2.07352e-16
7367.16221985 1.96688e-16
7369.34592566 2.02231e-16
7371.52963146 2.05938e-16
7373.71333727 1.98721e-16
7375.89704308 2.12716e-16
7378.08074888 2.05211e-16
7380.26445469 2.03107e-16
7382.4481605 2.05739e-16
7384.6318663 1.97645e-16
7386.81557211 2.03049e-16
7388.99927792 2.10147e-16
7391.18298372 2.30093e-16
7393.36668953 2.24939e-16
7395.55039534 2.33672e-16
7397.73410114 2.2171e-16
7399.91780695 2.32759e-16
7402.10151276 2.27747e-16
7404.28521856 2.31062e-16
7406.46892437 2.1588e-16
7408.65263018 2.18362e-16
7410.83633598 2.17522e-16
7413.02004179 2.11648e-16
7415.2037476 2.11304e-16
7417.3874534 2.08335e-16
7419.57115921 2.18842e-16
7421.75486502 2.25534e-16
7423.93857082 2.06304e-16
7426.12227663 2.23509e-16
7428.30598244 2.25373e-16
7430.48968824 2.22238e-16
7432.67339405 2.25655e-16
7434.85709986 2.09557e-16
7437.04080566 2.13043e-16
7439.22451147 2.10825e-16
7441.40821728 1.96504e-16
7443.59192308 2.01348e-16
7445.77562889 1.86638e-16
7447.9593347 1.94397e-16
7450.1430405 2.17367e-16
7452.32674631 2.14436e-16
7454.51045212 2.2711e-16
7456.69415792 2.19176e-16
7458.87786373 2.04907e-16
7461.06156954 2.10683e-16
7463.24527534 2.04467e-16
7465.42898115 2.03749e-16
7467.61268696 2.1853e-16
7469.79639277 2.06015e-16
7471.98009857 2.10983e-16
7474.16380438 2.0698e-16
7476.34751019 1.85126e-16
7478.53121599 2.06143e-16
7480.7149218 2.16978e-16
7482.89862761 1.94198e-16
7485.08233341 2.07844e-16
7487.26603922 2.12663e-16
7489.44974503 2.04112e-16
7491.63345083 2.11811e-16
7493.81715664 2.11273e-16
7496.00086245 2.12447e-16
7498.18456825 2.07393e-16
7500.36827406 1.98892e-16
7502.55197987 1.96039e-16
7504.73568567 1.98729e-16
7506.91939148 1.93365e-16
7509.10309729 1.86369e-16
7511.28680309 1.98604e-16
7513.4705089 2.07053e-16
7515.65421471 2.01502e-16
7517.83792051 1.98025e-16
7520.02162632 2.10521e-16
7522.20533213 2.02767e-16
7524.38903793 2.05784e-16
7526.57274374 2.21093e-16
7528.75644955 2.01107e-16
7530.94015535 2.04693e-16
7533.12386116 2.04087e-16
7535.30756697 1.99693e-16
7537.49127277 2.04887e-16
7539.67497858 2.13864e-16
7541.85868439 2.03163e-16
7544.04239019 2.02108e-16
7546.226096 2.09708e-16
7548.40980181 2.04062e-16
7550.59350761 1.98724e-16
7552.77721342 1.96543e-16
7554.96091923 2.02618e-16
7557.14462503 2.01963e-16
7559.32833084 2.05886e-16
7561.51203665 2.08409e-16
7563.69574245 2.04233e-16
7565.87944826 2.00479e-16
7568.06315407 1.89897e-16
7570.24685987 1.80182e-16
7572.43056568 1.84821e-16
7574.61427149 2.04317e-16
7576.79797729 1.96665e-16
7578.9816831 1.97495e-16
7581.16538891 1.97447e-16
7583.34909472 1.95627e-16
7585.53280052 1.91008e-16
7587.71650633 1.82813e-16
7589.90021214 1.83722e-16
7592.08391794 1.81789e-16
7594.26762375 1.48457e-16
7596.45132956 1.15527e-16
7598.63503536 9.78271e-17
7600.81874117 8.26239e-17
7603.00244698 6.51765e-17
7605.18615278 5.74037e-17
7607.36985859 6.62333e-17
7609.5535644 7.07067e-17
7611.7372702 9.44105e-17
7613.92097601 1.03476e-16
7616.10468182 1.37197e-16
7618.28838762 1.4687e-16
7620.47209343 1.49782e-16
7622.65579924 1.34786e-16
7624.83950504 1.19721e-16
7627.02321085 1.17486e-16
7629.20691666 1.14471e-16
7631.39062246 1.13285e-16
7633.57432827 1.11468e-16
7635.75803408 1.22101e-16
7637.94173988 1.16e-16
7640.12544569 1.31998e-16
7642.3091515 1.40222e-16
7644.4928573 1.31083e-16
7646.67656311 1.26674e-16
7648.86026892 1.49125e-16
7651.04397472 1.49393e-16
7653.22768053 1.49514e-16
7655.41138634 1.50816e-16
7657.59509214 1.58919e-16
7659.77879795 1.73399e-16
7661.96250376 1.73684e-16
7664.14620956 1.79971e-16
7666.32991537 1.8641e-16
7668.51362118 1.88384e-16
7670.69732698 1.84646e-16
7672.88103279 1.83341e-16
7675.0647386 1.93289e-16
7677.2484444 1.95081e-16
7679.43215021 1.87827e-16
7681.61585602 1.84887e-16
7683.79956182 2.02328e-16
7685.98326763 2.03518e-16
7688.16697344 2.04042e-16
7690.35067925 2.05072e-16
7692.53438505 2.02034e-16
7694.71809086 2.09489e-16
7696.90179667 2.08454e-16
7699.08550247 2.12068e-16
7701.26920828 2.16513e-16
7703.45291409 2.12503e-16
7705.63661989 2.1977e-16
7707.8203257 2.19895e-16
7710.00403151 2.06507e-16
7712.18773731 2.05986e-16
7714.37144312 1.95871e-16
7716.55514893 1.9051e-16
7718.73885473 2.04406e-16
7720.92256054 2.08023e-16
7723.10626635 2.07891e-16
7725.28997215 2.02296e-16
7727.47367796 2.11615e-16
7729.65738377 2.14631e-16
7731.84108957 2.02499e-16
7734.02479538 1.91634e-16
7736.20850119 1.96996e-16
7738.39220699 2.10827e-16
7740.5759128 2.09831e-16
7742.75961861 2.16276e-16
7744.94332441 1.9905e-16
7747.12703022 2.11717e-16
7749.31073603 2.25094e-16
7751.49444183 2.09393e-16
7753.67814764 2.18373e-16
7755.86185345 2.21901e-16
7758.04555925 2.05003e-16
7760.22926506 1.97378e-16
7762.41297087 1.91707e-16
7764.59667667 2.02132e-16
7766.78038248 2.16302e-16
7768.96408829 2.09849e-16
7771.14779409 2.25667e-16
7773.3314999 2.308e-16
7775.51520571 2.1511e-16
7777.69891151 2.05361e-16
7779.88261732 2.30757e-16
7782.06632313 2.1315e-16
7784.25002893 2.18421e-16
7786.43373474 2.05974e-16
7788.61744055 2.09369e-16
7790.80114635 2.08324e-16
7792.98485216 2.22092e-16
7795.16855797 2.08797e-16
7797.35226377 2.20081e-16
7799.53596958 2.06509e-16
7801.71967539 2.2412e-16
7803.9033812 2.38386e-16
7806.087087 2.21132e-16
7808.27079281 2.18075e-16
7810.45449862 2.22431e-16
7812.63820442 2.17372e-16
7814.82191023 2.17086e-16
7817.00561604 2.28673e-16
7819.18932184 2.25524e-16
7821.37302765 2.1682e-16
7823.55673346 1.97406e-16
7825.74043926 2.31501e-16
7827.92414507 2.24182e-16
7830.10785088 2.18707e-16
7832.29155668 2.21433e-16
7834.47526249 2.14484e-16
7836.6589683 2.08592e-16
7838.8426741 2.15648e-16
7841.02637991 2.24539e-16
7843.21008572 2.1285e-16
7845.39379152 2.18945e-16
7847.57749733 2.14058e-16
7849.76120314 2.27972e-16
7851.94490894 2.31596e-16
7854.12861475 2.31912e-16
7856.31232056 2.19918e-16
7858.49602636 2.21046e-16
7860.67973217 2.30042e-16
7862.86343798 2.27945e-16
7865.04714378 2.20236e-16
7867.23084959 2.36427e-16
7869.4145554 2.35424e-16
7871.5982612 2.01452e-16
7873.78196701 1.99507e-16
7875.96567282 2.06233e-16
7878.14937862 2.03491e-16
7880.33308443 2.16287e-16
7882.51679024 2.31816e-16
7884.70049604 2.27717e-16
7886.88420185 2.13735e-16
7889.06790766 1.88678e-16
7891.25161346 2.00587e-16
7893.43531927 2.25764e-16
7895.61902508 2.15808e-16
7897.80273088 2.2414e-16
7899.98643669 2.26254e-16
7902.1701425 2.33544e-16
7904.3538483 2.4763e-16
7906.53755411 2.17674e-16
7908.72125992 2.0543e-16
7910.90496572 2.33835e-16
7913.08867153 2.35787e-16
7915.27237734 2.30554e-16
7917.45608315 2.22114e-16
7919.63978895 2.27469e-16
7921.82349476 2.38111e-16
7924.00720057 2.25264e-16
7926.19090637 2.19536e-16
7928.37461218 2.17489e-16
7930.55831799 2.22831e-16
7932.74202379 2.2345e-16
7934.9257296 2.1278e-16
7937.10943541 2.3347e-16
7939.29314121 2.38135e-16
7941.47684702 2.24099e-16
7943.66055283 2.29634e-16
7945.84425863 2.38977e-16
7948.02796444 2.37715e-16
7950.21167025 2.231e-16
7952.39537605 2.30317e-16
7954.57908186 2.26836e-16
7956.76278767 1.88617e-16
7958.94649347 2.24061e-16
7961.13019928 2.49484e-16
7963.31390509 2.23928e-16
7965.49761089 2.30574e-16
7967.6813167 2.0602e-16
7969.86502251 2.20598e-16
7972.04872831 2.25805e-16
7974.23243412 2.63218e-16
7976.41613993 2.45882e-16
7978.59984573 2.31599e-16
7980.78355154 2.06706e-16
