#BranStark
#Time, luminosity, temperature, and frequency, measured in TDE restframe and corrected for Galactic extinction
#The flux (in Jy) is not corrected for Galactic extiction
#nu_kc=6.289e+14 Hz, t_peak=58603.87 MJD
#day_since_peak	band  	flux_Jy     	nu_rest     	lum         	err_lum     	lum_kc      	lum_bb      	T_bb        
1.554514e+01	UVW2  	5.218707e-04	1.569084e+15	9.479170e+43	2.619191e+42	1.357632e+43	2.184396e+44	3.501614e+04
1.923147e+01	UVW2  	4.715882e-04	1.569084e+15	8.565847e+43	4.733662e+42	1.259825e+43	1.891430e+44	3.405970e+04
2.220333e+01	UVW2  	4.261504e-04	1.569084e+15	7.740523e+43	3.564643e+42	1.161010e+43	1.659033e+44	3.338951e+04
2.516893e+01	UVW2  	4.145366e-04	1.569084e+15	7.529572e+43	3.467496e+42	1.154951e+43	1.562634e+44	3.266038e+04
2.824098e+01	UVW2  	4.183723e-04	1.569084e+15	7.599243e+43	3.499581e+42	1.194149e+43	1.526220e+44	3.191311e+04
2.833259e+01	UVW2  	4.380896e-04	1.569084e+15	7.957384e+43	4.397413e+42	1.251404e+43	1.596509e+44	3.188962e+04
3.066201e+01	UVW2  	3.958794e-04	1.569084e+15	7.190686e+43	3.311433e+42	1.147579e+43	1.415599e+44	3.145435e+04
3.085397e+01	UVW2  	3.886538e-04	1.569084e+15	7.059441e+43	3.250993e+42	1.126911e+43	1.389327e+44	3.144716e+04
3.423455e+01	UVW2  	3.780619e-04	1.569084e+15	6.867052e+43	2.529915e+42	1.102116e+43	1.342359e+44	3.129123e+04
3.669446e+01	UVW2  	3.643870e-04	1.569084e+15	6.618664e+43	2.438406e+42	1.066544e+43	1.287346e+44	3.117556e+04
3.953623e+01	UVW2  	3.577362e-04	1.569084e+15	6.497859e+43	2.393900e+42	1.050638e+43	1.258587e+44	3.107894e+04
4.274070e+01	UVW2  	3.173678e-04	1.569084e+15	5.764615e+43	3.185644e+42	9.356037e+42	1.111442e+44	3.097233e+04
4.729105e+01	UVW2  	2.894429e-04	1.569084e+15	5.257391e+43	3.389565e+42	8.612812e+42	1.002377e+44	3.071220e+04
4.763694e+01	UVW2  	3.115752e-04	1.569084e+15	5.659399e+43	2.606250e+42	9.274676e+42	1.078572e+44	3.070243e+04
6.781845e+01	UVW2  	2.257163e-04	1.569084e+15	4.099872e+43	2.643285e+42	6.813000e+42	7.688319e+43	3.032414e+04
6.857556e+01	UVW2  	2.096829e-04	1.569084e+15	3.808643e+43	2.455523e+42	6.323846e+42	7.148903e+43	3.034621e+04
7.273722e+01	UVW2  	1.965907e-04	1.569084e+15	3.570839e+43	1.644432e+42	5.905296e+42	6.733478e+43	3.045426e+04
8.536076e+01	UVW2  	1.680981e-04	1.569084e+15	3.053306e+43	1.968539e+42	4.991650e+42	5.835800e+43	3.076959e+04
8.706921e+01	UVW2  	1.286954e-04	1.569084e+15	2.337601e+43	2.153010e+42	3.818472e+42	4.472216e+43	3.079224e+04
9.080007e+01	UVW2  	1.240403e-04	1.569084e+15	2.253047e+43	1.660107e+42	3.669417e+42	4.325836e+43	3.087514e+04
9.478994e+01	UVW2  	1.464074e-04	1.569084e+15	2.659318e+43	1.714526e+42	4.332006e+42	5.104574e+43	3.086923e+04
9.851126e+01	UVW2  	1.263464e-04	1.569084e+15	2.294935e+43	1.690970e+42	3.757826e+42	4.378021e+43	3.072544e+04
1.036248e+02	UVW2  	1.012891e-04	1.569084e+15	1.839799e+43	1.355614e+42	3.007596e+42	3.516654e+43	3.077116e+04
1.495436e+02	UVW2  	6.159748e-05	1.569084e+15	1.118846e+43	1.442693e+42	1.985310e+42	1.958482e+43	2.867324e+04
1.547961e+02	UVW2  	6.390913e-05	1.569084e+15	1.160835e+43	8.553345e+41	1.992431e+42	2.101113e+43	2.948403e+04
1.594085e+02	UVW2  	6.332321e-05	1.569084e+15	1.150192e+43	1.165302e+42	1.924025e+42	2.140822e+43	3.014791e+04
1.640177e+02	UVW2  	6.509729e-05	1.569084e+15	1.182416e+43	1.524664e+42	1.916185e+42	2.283924e+43	3.101481e+04
1.737328e+02	UVW2  	6.390913e-05	1.569084e+15	1.160835e+43	1.924503e+42	1.768735e+42	2.431920e+43	3.287402e+04
1.793583e+02	UVW2  	4.145366e-05	1.569084e+15	7.529572e+42	1.456348e+42	1.109913e+42	1.656812e+43	3.398124e+04
2.031117e+02	UVW2  	5.775145e-05	1.569084e+15	1.048987e+43	1.255999e+42	1.669112e+42	2.072945e+43	3.154169e+04
3.096051e+02	UVW2  	1.533073e-05	1.569084e+15	2.784648e+42	8.207218e+41	4.165162e+41	5.992990e+42	3.348235e+04
1.554941e+01	UVM2  	3.716476e-04	1.415424e+15	6.309729e+43	1.743442e+42	1.071469e+43	1.723824e+44	3.501498e+04
1.923437e+01	UVM2  	3.516668e-04	1.415424e+15	5.970500e+43	3.299420e+42	1.036194e+43	1.555615e+44	3.405910e+04
2.220683e+01	UVM2  	3.549207e-04	1.415424e+15	6.025744e+43	2.774958e+42	1.062782e+43	1.518576e+44	3.338868e+04
2.517243e+01	UVM2  	3.484427e-04	1.415424e+15	5.915762e+43	2.724309e+42	1.062751e+43	1.437799e+44	3.265955e+04
2.824327e+01	UVM2  	3.236915e-04	1.415424e+15	5.495544e+43	2.530792e+42	1.007037e+43	1.287017e+44	3.191253e+04
2.833569e+01	UVM2  	3.297094e-04	1.415424e+15	5.597714e+43	3.093411e+42	1.026422e+43	1.309403e+44	3.188882e+04
3.066633e+01	UVM2  	2.618975e-04	1.415424e+15	4.446422e+43	2.457184e+42	8.252025e+42	1.017918e+44	3.145419e+04
3.085680e+01	UVM2  	2.898220e-04	1.415424e+15	4.920516e+43	3.625570e+42	9.133723e+42	1.126053e+44	3.144705e+04
3.423917e+01	UVM2  	2.767779e-04	1.415424e+15	4.699057e+43	1.731196e+42	8.761303e+42	1.067091e+44	3.129099e+04
3.669880e+01	UVM2  	2.819235e-04	1.415424e+15	4.786419e+43	1.763382e+42	8.953781e+42	1.080723e+44	3.117531e+04
3.953960e+01	UVM2  	2.618975e-04	1.415424e+15	4.446422e+43	1.638122e+42	8.340946e+42	9.991732e+43	3.107881e+04
4.274466e+01	UVM2  	2.501102e-04	1.415424e+15	4.246300e+43	2.346592e+42	7.990281e+42	9.491801e+43	3.097209e+04
4.729374e+01	UVM2  	2.571173e-04	1.415424e+15	4.365266e+43	2.814391e+42	8.277271e+42	9.633205e+43	3.071212e+04
4.764002e+01	UVM2  	2.042356e-04	1.415424e+15	3.467454e+43	1.596821e+42	6.576784e+42	7.648232e+43	3.070234e+04
6.782159e+01	UVM2  	1.535081e-04	1.415424e+15	2.606218e+43	1.920332e+42	4.999988e+42	5.642424e+43	3.032424e+04
6.857998e+01	UVM2  	1.795276e-04	1.415424e+15	3.047970e+43	1.965099e+42	5.843536e+42	6.605990e+43	3.034633e+04
7.274163e+01	UVM2  	1.324742e-04	1.415424e+15	2.249110e+43	1.242904e+42	4.297813e+42	4.900605e+43	3.045438e+04
8.536476e+01	UVM2  	1.242028e-04	1.415424e+15	2.108680e+43	1.747949e+42	3.991595e+42	4.666630e+43	3.076961e+04
8.707127e+01	UVM2  	1.004920e-04	1.415424e+15	1.706124e+43	2.199958e+42	3.227417e+42	3.779983e+43	3.079229e+04
9.080359e+01	UVM2  	9.865778e-05	1.415424e+15	1.674984e+43	1.696989e+42	3.160783e+42	3.726211e+43	3.087514e+04
9.479187e+01	UVM2  	1.023603e-04	1.415424e+15	1.737844e+43	1.600613e+42	3.279974e+42	3.864916e+43	3.086920e+04
9.851443e+01	UVM2  	9.335366e-05	1.415424e+15	1.584932e+43	1.751732e+42	3.004114e+42	3.499890e+43	3.072535e+04
1.036288e+02	UVM2  	7.213256e-05	1.415424e+15	1.224646e+43	1.353529e+42	2.318072e+42	2.710415e+43	3.077112e+04
1.495473e+02	UVM2  	5.371942e-05	1.415424e+15	9.120333e+42	1.260021e+42	1.846554e+42	1.821554e+43	2.867293e+04
1.547988e+02	UVM2  	3.891628e-05	1.415424e+15	6.607097e+42	6.693897e+41	1.301643e+42	1.372706e+43	2.948458e+04
1.594150e+02	UVM2  	4.551257e-05	1.415424e+15	7.726996e+42	9.251874e+41	1.490463e+42	1.658477e+43	3.014844e+04
1.640211e+02	UVM2  	4.306568e-05	1.415424e+15	7.311571e+42	1.212157e+42	1.374085e+42	1.637871e+43	3.101545e+04
1.737353e+02	UVM2  	4.722058e-05	1.415424e+15	8.016978e+42	1.476782e+42	1.432304e+42	1.969417e+43	3.287450e+04
1.793615e+02	UVM2  	4.112741e-05	1.415424e+15	6.982496e+42	1.221912e+42	1.214038e+42	1.812323e+43	3.398184e+04
2.031174e+02	UVM2  	3.891628e-05	1.415424e+15	6.607097e+42	9.128042e+41	1.223211e+42	1.519085e+43	3.154104e+04
3.096114e+02	UVM2  	1.465991e-05	1.415424e+15	2.488919e+42	7.564850e+41	4.379709e+41	6.301753e+42	3.348249e+04
1.554168e+01	UVW1  	3.757464e-04	1.260274e+15	5.030245e+43	2.316513e+42	1.054992e+43	1.697570e+44	3.501707e+04
1.922919e+01	UVW1  	3.588351e-04	1.260274e+15	4.803847e+43	3.982056e+42	1.024947e+43	1.538850e+44	3.406018e+04
2.220059e+01	UVW1  	3.364301e-04	1.260274e+15	4.503904e+43	3.318599e+42	9.732113e+42	1.390744e+44	3.339016e+04
2.516607e+01	UVW1  	3.333457e-04	1.260274e+15	4.462612e+43	3.288174e+42	9.783393e+42	1.323748e+44	3.266106e+04
2.823913e+01	UVW1  	3.426848e-04	1.260274e+15	4.587638e+43	2.957760e+42	1.021570e+43	1.305698e+44	3.191359e+04
2.833006e+01	UVW1  	2.876702e-04	1.260274e+15	3.851139e+43	3.192327e+42	8.579965e+42	1.094665e+44	3.189027e+04
3.065856e+01	UVW1  	2.798304e-04	1.260274e+15	3.746184e+43	2.760291e+42	8.425838e+42	1.039382e+44	3.145448e+04
3.085051e+01	UVW1  	3.040149e-04	1.260274e+15	4.069951e+43	2.998851e+42	9.155505e+42	1.128760e+44	3.144729e+04
3.423082e+01	UVW1  	3.040149e-04	1.260274e+15	4.069951e+43	2.249138e+42	9.187364e+42	1.119023e+44	3.129143e+04
3.669096e+01	UVW1  	2.697086e-04	1.260274e+15	3.610681e+43	1.995336e+42	8.171875e+42	9.863809e+43	3.117575e+04
3.953359e+01	UVW1  	2.647859e-04	1.260274e+15	3.544779e+43	2.285403e+42	8.040339e+42	9.631811e+43	3.107905e+04
4.273752e+01	UVW1  	2.772649e-04	1.260274e+15	3.711839e+43	3.076857e+42	8.439789e+42	1.002612e+44	3.097252e+04
4.728884e+01	UVW1  	2.623583e-04	1.260274e+15	3.512280e+43	3.234930e+42	8.034325e+42	9.350563e+43	3.071226e+04
4.763442e+01	UVW1  	1.953866e-04	1.260274e+15	2.615707e+43	1.927324e+42	5.984786e+42	6.959876e+43	3.070250e+04
6.781591e+01	UVW1  	1.701747e-04	1.260274e+15	2.278186e+43	2.517944e+42	5.259557e+42	5.935252e+43	3.032405e+04
6.857197e+01	UVW1  	1.509715e-04	1.260274e+15	2.021106e+43	2.047658e+42	4.663573e+42	5.271977e+43	3.034611e+04
7.273357e+01	UVW1  	1.468571e-04	1.260274e+15	1.966026e+43	1.448621e+42	4.524763e+42	5.159291e+43	3.045415e+04
8.536874e+01	UVW1  	1.255726e-04	1.260274e+15	1.681083e+43	1.393501e+42	3.840326e+42	4.489787e+43	3.076963e+04
8.707337e+01	UVW1  	1.054132e-04	1.260274e+15	1.411202e+43	1.689694e+42	3.222097e+42	3.773768e+43	3.079234e+04
9.080713e+01	UVW1  	9.792529e-05	1.260274e+15	1.310959e+43	1.328182e+42	2.987482e+42	3.521908e+43	3.087514e+04
9.479381e+01	UVW1  	1.063885e-04	1.260274e+15	1.424260e+43	1.311792e+42	3.246124e+42	3.825020e+43	3.086917e+04
9.851752e+01	UVW1  	1.232806e-04	1.260274e+15	1.650400e+43	1.520074e+42	3.774135e+42	4.396957e+43	3.072526e+04
1.036329e+02	UVW1  	8.767886e-05	1.260274e+15	1.173787e+43	1.189207e+42	2.681349e+42	3.135169e+43	3.077108e+04
1.495405e+02	UVW1  	6.235839e-05	1.260274e+15	8.348129e+42	1.845339e+42	2.010642e+42	1.983513e+43	2.867349e+04
1.547939e+02	UVW1  	5.900582e-05	1.260274e+15	7.899310e+42	9.458193e+41	1.862170e+42	1.963673e+43	2.948356e+04
1.594032e+02	UVW1  	6.469860e-05	1.260274e+15	8.661421e+42	1.356169e+42	2.008200e+42	2.234404e+43	3.014748e+04
1.640149e+02	UVW1  	4.394352e-05	1.260274e+15	5.882869e+42	1.625497e+42	1.336337e+42	1.592732e+43	3.101429e+04
1.737307e+02	UVW1  	6.529725e-05	1.260274e+15	8.741564e+42	2.415383e+42	1.908206e+42	2.623609e+43	3.287362e+04
1.793557e+02	UVW1  	7.029022e-05	1.260274e+15	9.409990e+42	1.993392e+42	2.010671e+42	3.001305e+43	3.398076e+04
2.031069e+02	UVW1  	2.850328e-05	1.260274e+15	3.815831e+42	1.440949e+42	8.565873e+41	1.063879e+43	3.154223e+04
3.096175e+02	UVW1  	3.212883e-05	1.260274e+15	4.301195e+42	1.030002e+42	9.277533e+41	1.334913e+43	3.348263e+04
1.554283e+01	U     	3.079362e-04	9.175035e+14	2.510336e+43	1.849684e+42	1.019736e+43	1.640804e+44	3.501676e+04
1.922994e+01	U     	2.706829e-04	9.175035e+14	2.206642e+43	3.048588e+42	9.030915e+42	1.355882e+44	3.406002e+04
2.220149e+01	U     	2.940768e-04	9.175035e+14	2.397352e+43	2.870456e+42	9.865698e+42	1.409811e+44	3.338995e+04
2.516702e+01	U     	3.079362e-04	9.175035e+14	2.510336e+43	2.774526e+42	1.039586e+43	1.406594e+44	3.266083e+04
2.823975e+01	U     	2.682013e-04	9.175035e+14	2.186411e+43	2.416511e+42	9.116066e+42	1.165136e+44	3.191343e+04
2.833090e+01	U     	2.293300e-04	9.175035e+14	1.869527e+43	2.755037e+42	7.796544e+42	9.946965e+43	3.189005e+04
3.065970e+01	U     	2.272275e-04	9.175035e+14	1.852387e+43	2.388557e+42	7.757029e+42	9.568764e+43	3.145444e+04
3.085166e+01	U     	2.379364e-04	9.175035e+14	1.939688e+43	2.322474e+42	8.123169e+42	1.001482e+44	3.144725e+04
3.423207e+01	U     	2.293300e-04	9.175035e+14	1.869527e+43	1.549708e+42	7.841175e+42	9.550516e+43	3.129136e+04
3.669212e+01	U     	2.314519e-04	9.175035e+14	1.886826e+43	1.737831e+42	7.922687e+42	9.562980e+43	3.117569e+04
3.953447e+01	U     	1.771988e-04	9.175035e+14	1.444547e+43	1.729621e+42	6.071364e+42	7.273086e+43	3.107901e+04
4.273857e+01	U     	2.401380e-04	9.175035e+14	1.957635e+43	2.343963e+42	8.236557e+42	9.784639e+43	3.097245e+04
4.728957e+01	U     	1.838488e-04	9.175035e+14	1.498759e+43	2.760816e+42	6.322412e+42	7.358181e+43	3.071224e+04
4.763525e+01	U     	1.907484e-04	9.175035e+14	1.555005e+43	1.861876e+42	6.560333e+42	7.629182e+43	3.070247e+04
6.781674e+01	U     	1.501277e-04	9.175035e+14	1.223860e+43	2.367155e+42	5.183461e+42	5.849394e+43	3.032408e+04
6.857316e+01	U     	1.138835e-04	9.175035e+14	9.283929e+42	1.966687e+42	3.931151e+42	4.444016e+43	3.034614e+04
7.273478e+01	U     	1.067728e-04	9.175035e+14	8.704259e+42	1.362876e+42	3.681561e+42	4.197855e+43	3.045419e+04
1.547946e+02	U     	5.813810e-05	9.175035e+14	4.739492e+42	1.178613e+42	2.025618e+42	2.136056e+43	2.948371e+04
1.594050e+02	U     	5.063617e-05	9.175035e+14	4.127925e+42	1.406725e+42	1.751565e+42	1.948883e+43	3.014762e+04
1.640158e+02	U     	3.841146e-05	9.175035e+14	3.131351e+42	1.932334e+42	1.316934e+42	1.569628e+43	3.101446e+04
1.554343e+01	B     	3.358787e-04	7.308789e+14	2.036899e+43	2.438869e+42	1.406791e+43	2.263567e+44	3.501660e+04
1.923034e+01	B     	2.410918e-04	7.308789e+14	1.462075e+43	3.905199e+42	1.012378e+43	1.519952e+44	3.405994e+04
2.220198e+01	B     	2.281300e-04	7.308789e+14	1.383469e+43	3.567822e+42	9.597639e+42	1.371494e+44	3.338983e+04
2.516752e+01	B     	2.239662e-04	7.308789e+14	1.358218e+43	3.377606e+42	9.442813e+42	1.277632e+44	3.266071e+04
2.824007e+01	B     	1.932780e-04	7.308789e+14	1.172113e+43	3.022757e+42	8.167919e+42	1.043946e+44	3.191335e+04
3.085225e+01	B     	2.119251e-04	7.308789e+14	1.285196e+43	3.077645e+42	8.969506e+42	1.105823e+44	3.144722e+04
3.423271e+01	B     	1.714677e-04	7.308789e+14	1.039847e+43	2.202790e+42	7.260946e+42	8.843775e+43	3.129133e+04
4.728996e+01	B     	2.595269e-04	7.308789e+14	1.573872e+43	3.768934e+42	1.101159e+43	1.281555e+44	3.071223e+04
1.365468e+01	g.IOO 	1.926801e-04	6.796738e+14	1.057364e+43	9.738685e+41	8.713186e+42	1.454808e+44	3.553609e+04
1.839878e+01	g.IOO 	1.870841e-04	6.796738e+14	1.026655e+43	9.455844e+41	8.474239e+42	1.289813e+44	3.424721e+04
2.695657e+01	g.IOO 	1.667389e-04	6.796738e+14	9.150074e+42	8.427530e+41	7.574742e+42	9.913545e+43	3.222278e+04
4.690201e+01	g.IOO 	1.244047e-04	6.796738e+14	6.826917e+42	6.287823e+41	5.665323e+42	6.600704e+43	3.072615e+04
5.071231e+01	g.IOO 	1.122114e-04	6.796738e+14	6.157786e+42	5.671531e+41	5.111385e+42	5.883987e+43	3.057407e+04
5.449094e+01	g.IOO 	1.076557e-04	6.796738e+14	5.907784e+42	5.441270e+41	4.905475e+42	5.563128e+43	3.038604e+04
-2.791183e+01	g.ZTF 	0.000000e+00	6.665889e+14	0.000000e+00	4.159544e+42	0.000000e+00	0.000000e+00	4.764958e+04
-2.791182e+01	g.ZTF 	0.000000e+00	6.665889e+14	0.000000e+00	4.159544e+42	0.000000e+00	0.000000e+00	4.764957e+04
-2.791182e+01	g.ZTF 	0.000000e+00	6.665889e+14	0.000000e+00	4.159544e+42	0.000000e+00	0.000000e+00	4.764957e+04
-2.791182e+01	g.ZTF 	0.000000e+00	6.665889e+14	0.000000e+00	4.159544e+42	0.000000e+00	0.000000e+00	4.764957e+04
-2.791182e+01	g.ZTF 	0.000000e+00	6.665889e+14	0.000000e+00	4.159544e+42	0.000000e+00	0.000000e+00	4.764957e+04
-2.791182e+01	g.ZTF 	0.000000e+00	6.665889e+14	0.000000e+00	4.159544e+42	0.000000e+00	0.000000e+00	4.764957e+04
-2.791182e+01	g.ZTF 	0.000000e+00	6.665889e+14	0.000000e+00	4.159544e+42	0.000000e+00	0.000000e+00	4.764957e+04
-2.791182e+01	g.ZTF 	0.000000e+00	6.665889e+14	0.000000e+00	4.159544e+42	0.000000e+00	0.000000e+00	4.764957e+04
-2.791182e+01	g.ZTF 	0.000000e+00	6.665889e+14	0.000000e+00	4.159544e+42	0.000000e+00	0.000000e+00	4.764957e+04
-2.791182e+01	g.ZTF 	0.000000e+00	6.665889e+14	0.000000e+00	4.159544e+42	0.000000e+00	0.000000e+00	4.764957e+04
-2.791182e+01	g.ZTF 	0.000000e+00	6.665889e+14	0.000000e+00	4.159544e+42	0.000000e+00	0.000000e+00	4.764957e+04
-2.791182e+01	g.ZTF 	0.000000e+00	6.665889e+14	0.000000e+00	4.159544e+42	0.000000e+00	0.000000e+00	4.764957e+04
-2.791182e+01	g.ZTF 	0.000000e+00	6.665889e+14	0.000000e+00	4.159544e+42	0.000000e+00	0.000000e+00	4.764957e+04
-2.791182e+01	g.ZTF 	0.000000e+00	6.665889e+14	0.000000e+00	4.159544e+42	0.000000e+00	0.000000e+00	4.764957e+04
-2.791182e+01	g.ZTF 	0.000000e+00	6.665889e+14	0.000000e+00	4.159544e+42	0.000000e+00	0.000000e+00	4.764957e+04
-2.791182e+01	g.ZTF 	0.000000e+00	6.665889e+14	0.000000e+00	4.159544e+42	0.000000e+00	0.000000e+00	4.764957e+04
-2.791182e+01	g.ZTF 	0.000000e+00	6.665889e+14	0.000000e+00	4.159544e+42	0.000000e+00	0.000000e+00	4.764957e+04
-2.791182e+01	g.ZTF 	0.000000e+00	6.665889e+14	0.000000e+00	4.159544e+42	0.000000e+00	0.000000e+00	4.764957e+04
-2.791182e+01	g.ZTF 	0.000000e+00	6.665889e+14	0.000000e+00	4.159544e+42	0.000000e+00	0.000000e+00	4.764957e+04
-2.791182e+01	g.ZTF 	0.000000e+00	6.665889e+14	0.000000e+00	4.159544e+42	0.000000e+00	0.000000e+00	4.764957e+04
-2.791182e+01	g.ZTF 	0.000000e+00	6.665889e+14	0.000000e+00	4.159544e+42	0.000000e+00	0.000000e+00	4.764957e+04
-2.791182e+01	g.ZTF 	0.000000e+00	6.665889e+14	0.000000e+00	4.159544e+42	0.000000e+00	0.000000e+00	4.764957e+04
-2.791182e+01	g.ZTF 	0.000000e+00	6.665889e+14	0.000000e+00	4.159544e+42	0.000000e+00	0.000000e+00	4.764957e+04
-2.791182e+01	g.ZTF 	0.000000e+00	6.665889e+14	0.000000e+00	4.159544e+42	0.000000e+00	0.000000e+00	4.764957e+04
-2.791182e+01	g.ZTF 	0.000000e+00	6.665889e+14	0.000000e+00	4.159544e+42	0.000000e+00	0.000000e+00	4.764957e+04
-2.791182e+01	g.ZTF 	0.000000e+00	6.665889e+14	0.000000e+00	4.159544e+42	0.000000e+00	0.000000e+00	4.764957e+04
-2.791182e+01	g.ZTF 	0.000000e+00	6.665889e+14	0.000000e+00	4.159544e+42	0.000000e+00	0.000000e+00	4.764957e+04
-2.791182e+01	g.ZTF 	0.000000e+00	6.665889e+14	0.000000e+00	4.159544e+42	0.000000e+00	0.000000e+00	4.764957e+04
-2.791182e+01	g.ZTF 	0.000000e+00	6.665889e+14	0.000000e+00	4.159544e+42	0.000000e+00	0.000000e+00	4.764957e+04
-2.791182e+01	g.ZTF 	0.000000e+00	6.665889e+14	0.000000e+00	4.159544e+42	0.000000e+00	0.000000e+00	4.764957e+04
-2.791182e+01	g.ZTF 	0.000000e+00	6.665889e+14	0.000000e+00	4.159544e+42	0.000000e+00	0.000000e+00	4.764957e+04
-2.791182e+01	g.ZTF 	0.000000e+00	6.665889e+14	0.000000e+00	4.159544e+42	0.000000e+00	0.000000e+00	4.764957e+04
-2.791182e+01	g.ZTF 	0.000000e+00	6.665889e+14	0.000000e+00	4.159544e+42	0.000000e+00	0.000000e+00	4.764957e+04
3.428177e+00	g.ZTF 	1.996057e-04	6.665889e+14	1.092301e+43	1.006046e+42	9.423420e+42	1.897390e+44	3.825994e+04
1.293455e+01	g.ZTF 	1.949005e-04	6.665889e+14	1.066552e+43	9.823310e+41	9.220940e+42	1.560454e+44	3.572666e+04
2.339671e+01	g.ZTF 	1.803071e-04	6.665889e+14	9.866933e+42	9.087781e+41	8.552670e+42	1.196263e+44	3.310243e+04
2.910512e+01	g.ZTF 	1.622157e-04	6.665889e+14	8.876918e+42	8.175943e+41	7.706774e+42	9.684205e+43	3.169304e+04
2.912148e+01	g.ZTF 	1.663922e-04	6.665889e+14	9.105466e+42	8.386444e+41	7.905231e+42	9.930716e+43	3.168931e+04
3.195938e+01	g.ZTF 	1.546297e-04	6.665889e+14	8.461789e+42	7.793596e+41	7.348877e+42	9.032348e+43	3.140763e+04
3.479814e+01	g.ZTF 	1.461144e-04	6.665889e+14	7.995805e+42	7.364408e+41	6.945417e+42	8.439541e+43	3.126112e+04
4.147517e+01	g.ZTF 	1.521994e-04	6.665889e+14	8.328795e+42	7.671104e+41	7.236710e+42	8.636747e+43	3.103137e+04
4.432430e+01	g.ZTF 	1.219138e-04	6.665889e+14	6.671480e+42	6.144660e+41	5.797801e+42	6.837556e+43	3.087995e+04
4.711739e+01	g.ZTF 	1.131496e-04	6.665889e+14	6.191875e+42	5.931045e+41	5.382110e+42	6.266245e+43	3.071711e+04
5.570624e+01	g.ZTF 	1.045618e-04	6.665889e+14	5.721925e+42	5.270088e+41	4.976059e+42	5.620883e+43	3.033642e+04
5.573212e+01	g.ZTF 	1.031556e-04	6.665889e+14	5.644977e+42	5.199216e+41	4.909148e+42	5.544819e+43	3.033533e+04
5.859475e+01	g.ZTF 	9.695560e-05	6.665889e+14	5.305694e+42	4.886725e+41	4.614901e+42	5.157062e+43	3.020166e+04
6.143189e+01	g.ZTF 	9.136354e-05	6.665889e+14	4.999680e+42	4.604875e+41	4.349044e+42	4.838705e+43	3.014692e+04
6.712519e+01	g.ZTF 	8.368602e-05	6.665889e+14	4.579543e+42	4.217915e+41	3.982776e+42	4.486041e+43	3.030062e+04
7.284951e+01	g.ZTF 	8.225701e-05	6.665889e+14	4.501344e+42	6.310046e+41	3.913967e+42	4.464024e+43	3.045749e+04
8.034151e+01	g.ZTF 	7.592292e-05	6.665889e+14	4.154724e+42	3.826642e+41	3.611718e+42	4.180264e+43	3.064250e+04
8.320415e+01	g.ZTF 	7.565766e-05	6.665889e+14	4.140208e+42	3.813273e+41	3.598747e+42	4.190718e+43	3.071950e+04
8.422983e+01	g.ZTF 	6.866460e-05	6.665889e+14	3.757528e+42	3.460811e+41	3.266018e+42	3.810195e+43	3.074255e+04
8.423326e+01	g.ZTF 	6.947889e-05	6.665889e+14	3.802088e+42	3.501853e+41	3.304749e+42	3.855412e+43	3.074266e+04
8.423668e+01	g.ZTF 	6.985104e-05	6.665889e+14	3.822453e+42	3.520610e+41	3.322450e+42	3.876095e+43	3.074277e+04
8.428016e+01	g.ZTF 	7.251918e-05	6.665889e+14	3.968462e+42	3.655088e+41	3.449354e+42	4.024575e+43	3.074412e+04
8.605803e+01	g.ZTF 	6.787235e-05	6.665889e+14	3.714173e+42	3.420880e+41	3.228210e+42	3.775202e+43	3.077315e+04
1.004337e+02	g.ZTF 	5.184811e-05	6.665889e+14	2.837280e+42	6.935516e+41	2.466155e+42	2.876354e+43	3.073945e+04
1.030617e+02	g.ZTF 	5.544890e-05	6.665889e+14	3.034326e+42	4.479932e+41	2.637303e+42	3.084927e+43	3.077625e+04
1.155363e+02	g.ZTF 	4.044016e-05	6.665889e+14	2.213004e+42	2.676225e+41	1.924104e+42	2.203464e+43	3.050868e+04
1.221820e+02	g.ZTF 	3.876260e-05	6.665889e+14	2.121203e+42	3.075124e+41	1.844659e+42	2.086496e+43	3.035323e+04
1.364268e+02	g.ZTF 	3.123870e-05	6.665889e+14	1.709473e+42	2.912793e+41	1.488362e+42	1.568732e+43	2.947764e+04
1.392149e+02	g.ZTF 	2.908928e-05	6.665889e+14	1.591850e+42	4.074426e+41	1.386323e+42	1.438669e+43	2.928753e+04
1.430650e+02	g.ZTF 	2.989048e-05	6.665889e+14	1.635694e+42	2.618350e+41	1.424952e+42	1.452341e+43	2.906794e+04
1.458409e+02	g.ZTF 	3.081292e-05	6.665889e+14	1.686173e+42	2.590442e+41	1.469249e+42	1.478857e+43	2.891610e+04
1.458566e+02	g.ZTF 	2.772892e-05	6.665889e+14	1.517407e+42	2.616277e+41	1.322197e+42	1.330760e+43	2.891535e+04
1.468061e+02	g.ZTF 	3.326082e-05	6.665889e+14	1.820129e+42	1.676401e+41	1.586069e+42	1.590931e+43	2.887428e+04
1.477590e+02	g.ZTF 	3.414860e-05	6.665889e+14	1.868711e+42	1.721147e+41	1.628502e+42	1.627904e+43	2.883284e+04
1.365569e+01	r.IOO 	1.857873e-04	5.139586e+14	7.047778e+42	6.491244e+41	1.183214e+43	1.975530e+44	3.553582e+04
1.839980e+01	r.IOO 	1.724312e-04	5.139586e+14	6.541122e+42	6.024596e+41	1.094129e+43	1.665280e+44	3.424698e+04
2.695759e+01	r.IOO 	1.601828e-04	5.139586e+14	6.076482e+42	5.596647e+41	1.009901e+43	1.321695e+44	3.222252e+04
1.201093e+01	r.SEDM	2.236330e-04	5.139586e+14	8.483445e+42	7.813542e+41	1.425851e+43	2.451893e+44	3.595426e+04
-2.794911e+01	r.ZTF 	0.000000e+00	4.961606e+14	0.000000e+00	3.471887e+42	0.000000e+00	0.000000e+00	4.766200e+04
-2.794911e+01	r.ZTF 	0.000000e+00	4.961606e+14	0.000000e+00	3.471887e+42	0.000000e+00	0.000000e+00	4.766200e+04
-2.794911e+01	r.ZTF 	0.000000e+00	4.961606e+14	0.000000e+00	3.471887e+42	0.000000e+00	0.000000e+00	4.766200e+04
-2.794911e+01	r.ZTF 	0.000000e+00	4.961606e+14	0.000000e+00	3.471887e+42	0.000000e+00	0.000000e+00	4.766200e+04
-2.794911e+01	r.ZTF 	0.000000e+00	4.961606e+14	0.000000e+00	3.471887e+42	0.000000e+00	0.000000e+00	4.766200e+04
-2.794911e+01	r.ZTF 	0.000000e+00	4.961606e+14	0.000000e+00	3.471887e+42	0.000000e+00	0.000000e+00	4.766200e+04
-2.794911e+01	r.ZTF 	0.000000e+00	4.961606e+14	0.000000e+00	3.471887e+42	0.000000e+00	0.000000e+00	4.766200e+04
-2.794911e+01	r.ZTF 	0.000000e+00	4.961606e+14	0.000000e+00	3.471887e+42	0.000000e+00	0.000000e+00	4.766200e+04
-2.794911e+01	r.ZTF 	0.000000e+00	4.961606e+14	0.000000e+00	3.471887e+42	0.000000e+00	0.000000e+00	4.766200e+04
-2.794911e+01	r.ZTF 	0.000000e+00	4.961606e+14	0.000000e+00	3.471887e+42	0.000000e+00	0.000000e+00	4.766200e+04
-2.794911e+01	r.ZTF 	0.000000e+00	4.961606e+14	0.000000e+00	3.471887e+42	0.000000e+00	0.000000e+00	4.766200e+04
-2.794911e+01	r.ZTF 	0.000000e+00	4.961606e+14	0.000000e+00	3.471887e+42	0.000000e+00	0.000000e+00	4.766200e+04
-2.794911e+01	r.ZTF 	0.000000e+00	4.961606e+14	0.000000e+00	3.471887e+42	0.000000e+00	0.000000e+00	4.766200e+04
-2.794911e+01	r.ZTF 	0.000000e+00	4.961606e+14	0.000000e+00	3.471887e+42	0.000000e+00	0.000000e+00	4.766200e+04
-2.794911e+01	r.ZTF 	0.000000e+00	4.961606e+14	0.000000e+00	3.471887e+42	0.000000e+00	0.000000e+00	4.766200e+04
-2.794911e+01	r.ZTF 	0.000000e+00	4.961606e+14	0.000000e+00	3.471887e+42	0.000000e+00	0.000000e+00	4.766200e+04
-2.794911e+01	r.ZTF 	0.000000e+00	4.961606e+14	0.000000e+00	3.471887e+42	0.000000e+00	0.000000e+00	4.766200e+04
-2.794911e+01	r.ZTF 	0.000000e+00	4.961606e+14	0.000000e+00	3.471887e+42	0.000000e+00	0.000000e+00	4.766200e+04
-2.794911e+01	r.ZTF 	0.000000e+00	4.961606e+14	0.000000e+00	3.471887e+42	0.000000e+00	0.000000e+00	4.766200e+04
-2.794911e+01	r.ZTF 	0.000000e+00	4.961606e+14	0.000000e+00	3.471887e+42	0.000000e+00	0.000000e+00	4.766200e+04
-2.794911e+01	r.ZTF 	0.000000e+00	4.961606e+14	0.000000e+00	3.471887e+42	0.000000e+00	0.000000e+00	4.766200e+04
-2.794911e+01	r.ZTF 	0.000000e+00	4.961606e+14	0.000000e+00	3.471887e+42	0.000000e+00	0.000000e+00	4.766200e+04
-2.794911e+01	r.ZTF 	0.000000e+00	4.961606e+14	0.000000e+00	3.471887e+42	0.000000e+00	0.000000e+00	4.766200e+04
-2.794911e+01	r.ZTF 	0.000000e+00	4.961606e+14	0.000000e+00	3.471887e+42	0.000000e+00	0.000000e+00	4.766200e+04
-2.794911e+01	r.ZTF 	0.000000e+00	4.961606e+14	0.000000e+00	3.471887e+42	0.000000e+00	0.000000e+00	4.766200e+04
-2.794911e+01	r.ZTF 	0.000000e+00	4.961606e+14	0.000000e+00	3.471887e+42	0.000000e+00	0.000000e+00	4.766200e+04
-2.794911e+01	r.ZTF 	0.000000e+00	4.961606e+14	0.000000e+00	3.471887e+42	0.000000e+00	0.000000e+00	4.766200e+04
-2.794911e+01	r.ZTF 	0.000000e+00	4.961606e+14	0.000000e+00	3.471887e+42	0.000000e+00	0.000000e+00	4.766200e+04
-2.794911e+01	r.ZTF 	0.000000e+00	4.961606e+14	0.000000e+00	3.471887e+42	0.000000e+00	0.000000e+00	4.766200e+04
-2.794911e+01	r.ZTF 	0.000000e+00	4.961606e+14	0.000000e+00	3.471887e+42	0.000000e+00	0.000000e+00	4.766200e+04
-2.794911e+01	r.ZTF 	0.000000e+00	4.961606e+14	0.000000e+00	3.471887e+42	0.000000e+00	0.000000e+00	4.766200e+04
-2.794911e+01	r.ZTF 	0.000000e+00	4.961606e+14	0.000000e+00	3.471887e+42	0.000000e+00	0.000000e+00	4.766200e+04
-2.794911e+01	r.ZTF 	0.000000e+00	4.961606e+14	0.000000e+00	3.471887e+42	0.000000e+00	0.000000e+00	4.766200e+04
-2.794911e+01	r.ZTF 	0.000000e+00	4.961606e+14	0.000000e+00	3.471887e+42	0.000000e+00	0.000000e+00	4.766200e+04
-2.794911e+01	r.ZTF 	0.000000e+00	4.961606e+14	0.000000e+00	3.471887e+42	0.000000e+00	0.000000e+00	4.766200e+04
-2.794911e+01	r.ZTF 	0.000000e+00	4.961606e+14	0.000000e+00	3.471887e+42	0.000000e+00	0.000000e+00	4.766200e+04
-2.794907e+01	r.ZTF 	0.000000e+00	4.961606e+14	0.000000e+00	3.471887e+42	0.000000e+00	0.000000e+00	4.766198e+04
-2.035873e+01	r.ZTF 	8.564577e-05	4.961606e+14	3.142146e+42	4.194511e+41	5.923898e+42	1.848523e+44	4.530129e+04
-9.912481e+00	r.ZTF 	1.459977e-04	4.961606e+14	5.356318e+42	4.933351e+41	1.003227e+43	2.575713e+44	4.204430e+04
-2.260464e+00	r.ZTF 	1.880988e-04	4.961606e+14	6.900910e+42	6.355973e+41	1.285703e+43	2.857355e+44	3.976208e+04
3.443062e+00	r.ZTF 	1.994463e-04	4.961606e+14	7.317224e+42	6.739412e+41	1.357999e+43	2.733591e+44	3.825601e+04
2.334209e+01	r.ZTF 	1.911375e-04	4.961606e+14	7.012395e+42	6.458654e+41	1.280588e+43	1.792980e+44	3.311600e+04
2.906849e+01	r.ZTF 	1.604671e-04	4.961606e+14	5.887167e+42	5.422281e+41	1.069249e+43	1.344469e+44	3.170140e+04
3.192228e+01	r.ZTF 	1.694439e-04	4.961606e+14	6.216506e+42	5.725614e+41	1.127715e+43	1.386192e+44	3.140894e+04
3.481478e+01	r.ZTF 	1.534850e-04	4.961606e+14	5.631011e+42	5.186352e+41	1.020871e+43	1.240399e+44	3.126023e+04
3.861815e+01	r.ZTF 	1.462130e-04	4.961606e+14	5.364217e+42	4.940627e+41	9.718944e+42	1.167191e+44	3.111105e+04
4.428862e+01	r.ZTF 	1.395295e-04	4.961606e+14	5.119014e+42	4.865660e+41	9.265663e+42	1.092940e+44	3.088236e+04
4.713955e+01	r.ZTF 	1.330902e-04	4.961606e+14	4.882771e+42	4.497198e+41	8.831726e+42	1.028203e+44	3.071648e+04
5.094540e+01	r.ZTF 	1.138534e-04	4.961606e+14	4.177018e+42	3.847176e+41	7.549934e+42	8.679360e+43	3.055699e+04
5.187624e+01	r.ZTF 	1.160876e-04	4.961606e+14	4.258987e+42	3.922672e+41	7.696447e+42	8.813677e+43	3.050837e+04
5.467228e+01	r.ZTF 	1.130592e-04	4.961606e+14	4.147882e+42	3.820340e+41	7.491371e+42	8.490869e+43	3.037890e+04
5.574886e+01	r.ZTF 	1.097150e-04	4.961606e+14	4.025190e+42	3.707337e+41	7.268347e+42	8.209041e+43	3.033463e+04
5.665696e+01	r.ZTF 	1.203555e-04	4.961606e+14	4.415566e+42	4.140090e+41	7.971607e+42	8.970142e+43	3.028840e+04
5.855679e+01	r.ZTF 	1.055421e-04	4.961606e+14	3.872098e+42	3.566334e+41	6.987784e+42	7.809613e+43	3.020310e+04
6.134922e+01	r.ZTF 	1.053479e-04	4.961606e+14	3.864972e+42	3.559771e+41	6.973093e+42	7.756975e+43	3.014496e+04
7.273621e+01	r.ZTF 	9.741502e-05	4.961606e+14	3.573933e+42	3.601135e+41	6.456935e+42	7.362465e+43	3.045423e+04
7.665354e+01	r.ZTF 	9.510994e-05	4.961606e+14	3.489365e+42	4.042990e+41	6.307409e+42	7.259368e+43	3.057159e+04
8.324619e+01	r.ZTF 	9.039532e-05	4.961606e+14	3.316396e+42	3.054513e+41	5.998642e+42	6.985861e+43	3.072037e+04
8.425837e+01	r.ZTF 	8.547240e-05	4.961606e+14	3.135786e+42	2.888165e+41	5.672524e+42	6.618132e+43	3.074344e+04
8.607991e+01	r.ZTF 	7.770803e-05	4.961606e+14	2.850929e+42	2.625802e+41	5.157901e+42	6.032059e+43	3.077356e+04
8.897336e+01	r.ZTF 	7.423110e-05	4.961606e+14	2.723368e+42	2.508315e+41	4.928731e+42	5.798674e+43	3.084945e+04
9.469054e+01	r.ZTF 	6.585457e-05	4.961606e+14	2.416052e+42	2.225266e+41	4.372950e+42	5.153375e+43	3.087059e+04
1.088883e+02	r.ZTF 	5.496749e-05	4.961606e+14	2.016631e+42	2.611484e+41	3.647089e+42	4.235469e+43	3.068511e+04
1.430193e+02	r.ZTF 	4.649282e-05	4.961606e+14	1.705715e+42	2.237134e+41	3.061876e+42	3.121441e+43	2.907072e+04
1.459432e+02	r.ZTF 	4.655710e-05	4.961606e+14	1.708073e+42	2.778259e+41	3.063697e+42	3.082493e+43	2.891124e+04
1.467673e+02	r.ZTF 	5.008480e-05	4.961606e+14	1.837496e+42	1.692396e+41	3.295259e+42	3.305808e+43	2.887591e+04
1.365668e+01	i.IOO 	1.929452e-04	4.233793e+14	5.726032e+42	5.273870e+41	1.607352e+43	2.683634e+44	3.553555e+04
1.840079e+01	i.IOO 	1.904732e-04	4.233793e+14	5.652671e+42	5.206303e+41	1.576539e+43	2.399475e+44	3.424675e+04
2.695858e+01	i.IOO 	1.719626e-04	4.233793e+14	5.103331e+42	4.700342e+41	1.407336e+43	1.841798e+44	3.222227e+04
4.690538e+01	i.IOO 	1.309284e-04	4.233793e+14	3.885561e+42	3.578734e+41	1.061482e+43	1.236724e+44	3.072599e+04
