#BranStark
#Time, luminosity, temperature, and frequency, measured in TDE restframe and corrected for Galactic extinction
#The flux (in Jy) is not corrected for Galactic extiction
#nu_kc=6.289e+14 Hz, t_peak=58603.87 MJD
#
| day_since_peak |   band |     flux_Jy |     nu_rest |         lum |     err_lum |      lum_kc |      lum_bb |        T_bb |
|          15.55 |   UVW2 | 5.21871e-04 | 1.56908e+15 | 9.47917e+43 | 2.61919e+42 | 1.46021e+43 | 1.95560e+44 | 3.25256e+04 |
|          19.23 |   UVW2 | 4.67265e-04 | 1.56908e+15 | 8.48731e+43 | 4.69026e+42 | 1.34401e+43 | 1.68755e+44 | 3.16830e+04 |
|          22.20 |   UVW2 | 4.22243e-04 | 1.56908e+15 | 7.66956e+43 | 3.53196e+42 | 1.23930e+43 | 1.48670e+44 | 3.10971e+04 |
|          25.17 |   UVW2 | 4.14537e-04 | 1.56908e+15 | 7.52957e+43 | 3.46750e+42 | 1.24139e+43 | 1.42490e+44 | 3.05376e+04 |
|          28.24 |   UVW2 | 4.14537e-04 | 1.56908e+15 | 7.52957e+43 | 3.46750e+42 | 1.27260e+43 | 1.38554e+44 | 2.98776e+04 |
|          28.33 |   UVW2 | 4.38090e-04 | 1.56908e+15 | 7.95738e+43 | 4.39741e+42 | 1.34589e+43 | 1.46309e+44 | 2.98586e+04 |
|          30.66 |   UVW2 | 3.92250e-04 | 1.56908e+15 | 7.12476e+43 | 3.28107e+42 | 1.22229e+43 | 1.29023e+44 | 2.94961e+04 |
|          30.85 |   UVW2 | 3.85091e-04 | 1.56908e+15 | 6.99472e+43 | 3.22119e+42 | 1.20032e+43 | 1.26631e+44 | 2.94891e+04 |
|          34.23 |   UVW2 | 3.74596e-04 | 1.56908e+15 | 6.80409e+43 | 2.50672e+42 | 1.17196e+43 | 1.22702e+44 | 2.93957e+04 |
|          36.69 |   UVW2 | 3.61046e-04 | 1.56908e+15 | 6.55798e+43 | 2.41605e+42 | 1.13307e+43 | 1.17885e+44 | 2.93186e+04 |
|          39.54 |   UVW2 | 3.57736e-04 | 1.56908e+15 | 6.49786e+43 | 2.39390e+42 | 1.12577e+43 | 1.16474e+44 | 2.92505e+04 |
|          42.74 |   UVW2 | 3.14458e-04 | 1.56908e+15 | 5.71176e+43 | 3.15644e+42 | 9.94040e+42 | 1.01915e+44 | 2.91398e+04 |
|          47.29 |   UVW2 | 2.86789e-04 | 1.56908e+15 | 5.20919e+43 | 3.35849e+42 | 9.11347e+42 | 9.24584e+43 | 2.90119e+04 |
|          47.64 |   UVW2 | 3.08719e-04 | 1.56908e+15 | 5.60751e+43 | 2.58236e+42 | 9.80982e+42 | 9.95334e+43 | 2.90131e+04 |
|          67.82 |   UVW2 | 2.21597e-04 | 1.56908e+15 | 4.02504e+43 | 2.59504e+42 | 6.95740e+42 | 7.23205e+43 | 2.93077e+04 |
|          68.58 |   UVW2 | 2.07760e-04 | 1.56908e+15 | 3.77373e+43 | 2.43301e+42 | 6.50738e+42 | 6.79732e+43 | 2.93673e+04 |
|          72.74 |   UVW2 | 1.94788e-04 | 1.56908e+15 | 3.53810e+43 | 1.62936e+42 | 6.03103e+42 | 6.45088e+43 | 2.96585e+04 |
|          85.36 |   UVW2 | 1.66557e-04 | 1.56908e+15 | 3.02531e+43 | 1.95049e+42 | 4.96980e+42 | 5.74941e+43 | 3.06365e+04 |
|          87.07 |   UVW2 | 1.26346e-04 | 1.56908e+15 | 2.29493e+43 | 2.11371e+42 | 3.75378e+42 | 4.38363e+43 | 3.07553e+04 |
|          90.80 |   UVW2 | 1.21776e-04 | 1.56908e+15 | 2.21192e+43 | 1.62981e+42 | 3.58627e+42 | 4.27004e+43 | 3.10015e+04 |
|          94.79 |   UVW2 | 1.45065e-04 | 1.56908e+15 | 2.63494e+43 | 1.69881e+42 | 4.28069e+42 | 5.07429e+43 | 3.09450e+04 |
|          98.51 |   UVW2 | 1.24040e-04 | 1.56908e+15 | 2.25305e+43 | 1.66011e+42 | 3.67197e+42 | 4.32222e+43 | 3.08557e+04 |
|         103.62 |   UVW2 | 9.94404e-05 | 1.56908e+15 | 1.80622e+43 | 1.33087e+42 | 2.95368e+42 | 3.45111e+43 | 3.07620e+04 |
|         149.54 |   UVW2 | 5.93694e-05 | 1.56908e+15 | 1.07838e+43 | 1.48983e+42 | 1.68296e+42 | 2.18564e+43 | 3.21216e+04 |
|         154.80 |   UVW2 | 6.21674e-05 | 1.56908e+15 | 1.12920e+43 | 9.36027e+41 | 1.74229e+42 | 2.32438e+43 | 3.24746e+04 |
|         159.41 |   UVW2 | 6.15975e-05 | 1.56908e+15 | 1.11885e+43 | 1.13354e+42 | 1.71137e+42 | 2.33115e+43 | 3.27499e+04 |
|         164.02 |   UVW2 | 6.27427e-05 | 1.56908e+15 | 1.13965e+43 | 1.57448e+42 | 1.72771e+42 | 2.40484e+43 | 3.30375e+04 |
|         173.73 |   UVW2 | 6.15975e-05 | 1.56908e+15 | 1.11885e+43 | 1.95794e+42 | 1.66460e+42 | 2.42733e+43 | 3.36631e+04 |
|         179.36 |   UVW2 | 3.92250e-05 | 1.56908e+15 | 7.12476e+42 | 1.44367e+42 | 1.04509e+42 | 1.57979e+43 | 3.41532e+04 |
|         203.11 |   UVW2 | 5.56625e-05 | 1.56908e+15 | 1.01104e+43 | 1.21057e+42 | 1.53110e+42 | 2.13679e+43 | 3.30726e+04 |
|         309.61 |   UVW2 | 1.31088e-05 | 1.56908e+15 | 2.38106e+42 | 8.11424e+41 | 3.11916e+41 | 6.48104e+42 | 3.87334e+04 |
|         363.04 |   UVW2 | 2.03968e-05 | 1.56908e+15 | 3.70485e+42 | 8.87196e+41 | 4.84578e+41 | 1.01171e+43 | 3.88060e+04 |
|          15.55 |   UVM2 | 3.68240e-04 | 1.41542e+15 | 6.25188e+43 | 1.72746e+42 | 1.12708e+43 | 1.50934e+44 | 3.25246e+04 |
|          19.23 |   UVM2 | 3.51667e-04 | 1.41542e+15 | 5.97050e+43 | 3.29942e+42 | 1.10101e+43 | 1.38238e+44 | 3.16825e+04 |
|          22.21 |   UVM2 | 3.54921e-04 | 1.41542e+15 | 6.02574e+43 | 2.77496e+42 | 1.12978e+43 | 1.35525e+44 | 3.10964e+04 |
|          25.17 |   UVM2 | 3.48443e-04 | 1.41542e+15 | 5.91576e+43 | 2.72431e+42 | 1.12763e+43 | 1.29424e+44 | 3.05369e+04 |
|          28.24 |   UVM2 | 3.23692e-04 | 1.41542e+15 | 5.49554e+43 | 2.53079e+42 | 1.06909e+43 | 1.16392e+44 | 2.98771e+04 |
|          28.34 |   UVM2 | 3.29709e-04 | 1.41542e+15 | 5.59771e+43 | 3.09341e+42 | 1.08962e+43 | 1.18445e+44 | 2.98580e+04 |
|          30.67 |   UVM2 | 2.59496e-04 | 1.41542e+15 | 4.40566e+43 | 2.43466e+42 | 8.67623e+42 | 9.15837e+43 | 2.94959e+04 |
|          30.86 |   UVM2 | 2.87165e-04 | 1.41542e+15 | 4.87540e+43 | 3.59233e+42 | 9.60349e+42 | 1.01314e+44 | 2.94890e+04 |
|          34.24 |   UVM2 | 2.76778e-04 | 1.41542e+15 | 4.69906e+43 | 1.73120e+42 | 9.28448e+42 | 9.72052e+43 | 2.93955e+04 |
|          36.70 |   UVM2 | 2.81924e-04 | 1.41542e+15 | 4.78642e+43 | 1.76338e+42 | 9.48115e+42 | 9.86406e+43 | 2.93184e+04 |
|          39.54 |   UVM2 | 2.61897e-04 | 1.41542e+15 | 4.44642e+43 | 1.63812e+42 | 8.82754e+42 | 9.13304e+43 | 2.92504e+04 |
|          42.74 |   UVM2 | 2.47817e-04 | 1.41542e+15 | 4.20737e+43 | 2.32508e+42 | 8.38389e+42 | 8.59552e+43 | 2.91396e+04 |
|          47.29 |   UVM2 | 2.54760e-04 | 1.41542e+15 | 4.32524e+43 | 2.78859e+42 | 8.65592e+42 | 8.78165e+43 | 2.90119e+04 |
|          47.64 |   UVM2 | 2.02363e-04 | 1.41542e+15 | 3.43566e+43 | 1.58218e+42 | 6.87534e+42 | 6.97594e+43 | 2.90132e+04 |
|          67.82 |   UVM2 | 1.52101e-04 | 1.41542e+15 | 2.58232e+43 | 2.14057e+42 | 5.11695e+42 | 5.31905e+43 | 2.93080e+04 |
|          68.58 |   UVM2 | 1.77882e-04 | 1.41542e+15 | 3.02003e+43 | 1.94708e+42 | 5.97249e+42 | 6.23877e+43 | 2.93677e+04 |
|          72.74 |   UVM2 | 1.31260e-04 | 1.41542e+15 | 2.22849e+43 | 1.23151e+42 | 4.36555e+42 | 4.66959e+43 | 2.96589e+04 |
|          85.36 |   UVM2 | 1.21936e-04 | 1.41542e+15 | 2.07019e+43 | 1.71605e+42 | 3.93425e+42 | 4.55152e+43 | 3.06368e+04 |
|          87.07 |   UVM2 | 9.86578e-05 | 1.41542e+15 | 1.67498e+43 | 2.15980e+42 | 3.17197e+42 | 3.70424e+43 | 3.07554e+04 |
|          90.80 |   UVM2 | 9.68571e-05 | 1.41542e+15 | 1.64441e+43 | 1.66602e+42 | 3.09165e+42 | 3.68112e+43 | 3.10015e+04 |
|          94.79 |   UVM2 | 1.00492e-04 | 1.41542e+15 | 1.70612e+43 | 1.57140e+42 | 3.21297e+42 | 3.80860e+43 | 3.09449e+04 |
|          98.51 |   UVM2 | 9.16498e-05 | 1.41542e+15 | 1.55600e+43 | 1.71976e+42 | 2.93795e+42 | 3.45818e+43 | 3.08556e+04 |
|         103.63 |   UVM2 | 7.01667e-05 | 1.41542e+15 | 1.19127e+43 | 1.31664e+42 | 2.25551e+42 | 2.63535e+43 | 3.07619e+04 |
|         149.55 |   UVM2 | 5.17763e-05 | 1.41542e+15 | 8.79044e+42 | 1.21444e+42 | 1.60172e+42 | 2.08017e+43 | 3.21219e+04 |
|         154.80 |   UVM2 | 3.71648e-05 | 1.41542e+15 | 6.30973e+42 | 6.97377e+41 | 1.13899e+42 | 1.51953e+43 | 3.24748e+04 |
|         159.41 |   UVM2 | 4.38663e-05 | 1.41542e+15 | 7.44750e+42 | 8.91722e+41 | 1.33480e+42 | 1.81826e+43 | 3.27503e+04 |
|         164.02 |   UVM2 | 4.11274e-05 | 1.41542e+15 | 6.98250e+42 | 1.22191e+42 | 1.24234e+42 | 1.72926e+43 | 3.30377e+04 |
|         173.74 |   UVM2 | 4.55126e-05 | 1.41542e+15 | 7.72700e+42 | 1.49453e+42 | 1.35375e+42 | 1.97408e+43 | 3.36634e+04 |
|         179.36 |   UVM2 | 3.92764e-05 | 1.41542e+15 | 6.66823e+42 | 1.22833e+42 | 1.15473e+42 | 1.74556e+43 | 3.41534e+04 |
|         203.12 |   UVM2 | 3.71648e-05 | 1.41542e+15 | 6.30973e+42 | 9.29836e+41 | 1.12165e+42 | 1.56535e+43 | 3.30725e+04 |
|         309.61 |   UVM2 | 1.28864e-05 | 1.41542e+15 | 2.18782e+42 | 7.65720e+41 | 3.45259e+41 | 7.17380e+42 | 3.87333e+04 |
|         363.04 |   UVM2 | 1.43923e-05 | 1.41542e+15 | 2.44349e+42 | 1.01274e+42 | 3.85117e+41 | 8.04036e+42 | 3.88058e+04 |
|          15.54 |   UVW1 | 3.72302e-04 | 1.26027e+15 | 4.98413e+43 | 2.29528e+42 | 1.09568e+43 | 1.46749e+44 | 3.25264e+04 |
|          19.23 |   UVW1 | 3.55545e-04 | 1.26027e+15 | 4.75980e+43 | 3.94555e+42 | 1.06520e+43 | 1.33751e+44 | 3.16834e+04 |
|          22.20 |   UVW1 | 3.33346e-04 | 1.26027e+15 | 4.46261e+43 | 3.28817e+42 | 1.01179e+43 | 1.21383e+44 | 3.10977e+04 |
|          25.17 |   UVW1 | 3.30290e-04 | 1.26027e+15 | 4.42170e+43 | 3.25803e+42 | 1.01561e+43 | 1.16581e+44 | 3.05382e+04 |
|          28.24 |   UVW1 | 3.36430e-04 | 1.26027e+15 | 4.50390e+43 | 2.90377e+42 | 1.05121e+43 | 1.14454e+44 | 2.98780e+04 |
|          28.33 |   UVW1 | 2.85033e-04 | 1.26027e+15 | 3.81583e+43 | 3.51451e+42 | 8.91035e+42 | 9.68666e+43 | 2.98591e+04 |
|          30.66 |   UVW1 | 2.74723e-04 | 1.26027e+15 | 3.67781e+43 | 2.70991e+42 | 8.66720e+42 | 9.14904e+43 | 2.94962e+04 |
|          30.85 |   UVW1 | 3.01228e-04 | 1.26027e+15 | 4.03264e+43 | 2.97136e+42 | 9.50509e+42 | 1.00278e+44 | 2.94892e+04 |
|          34.23 |   UVW1 | 2.98466e-04 | 1.26027e+15 | 3.99567e+43 | 2.20809e+42 | 9.44061e+42 | 9.88421e+43 | 2.93958e+04 |
|          36.69 |   UVW1 | 2.64786e-04 | 1.26027e+15 | 3.54478e+43 | 1.95892e+42 | 8.39205e+42 | 8.73116e+43 | 2.93187e+04 |
|          39.53 |   UVW1 | 2.59953e-04 | 1.26027e+15 | 3.48008e+43 | 2.24369e+42 | 8.25349e+42 | 8.53931e+43 | 2.92507e+04 |
|          42.74 |   UVW1 | 2.74723e-04 | 1.26027e+15 | 3.67781e+43 | 3.04865e+42 | 8.74778e+42 | 8.96893e+43 | 2.91400e+04 |
|          47.29 |   UVW1 | 2.57570e-04 | 1.26027e+15 | 3.44817e+43 | 3.49347e+42 | 8.22947e+42 | 8.34900e+43 | 2.90119e+04 |
|          47.63 |   UVW1 | 1.90062e-04 | 1.26027e+15 | 2.54442e+43 | 1.87480e+42 | 6.07235e+42 | 6.16120e+43 | 2.90131e+04 |
|          67.82 |   UVW1 | 1.67069e-04 | 1.26027e+15 | 2.23660e+43 | 2.47199e+42 | 5.29656e+42 | 5.50556e+43 | 2.93075e+04 |
|          68.57 |   UVW1 | 1.46857e-04 | 1.26027e+15 | 1.96603e+43 | 2.17293e+42 | 4.64861e+42 | 4.85562e+43 | 2.93671e+04 |
|          72.73 |   UVW1 | 1.42855e-04 | 1.26027e+15 | 1.91245e+43 | 1.40914e+42 | 4.48835e+42 | 4.80069e+43 | 2.96582e+04 |
|          85.37 |   UVW1 | 1.21031e-04 | 1.26027e+15 | 1.62028e+43 | 1.34310e+42 | 3.71292e+42 | 4.29555e+43 | 3.06371e+04 |
|          87.07 |   UVW1 | 1.01600e-04 | 1.26027e+15 | 1.36016e+43 | 1.62858e+42 | 3.10821e+42 | 3.62983e+43 | 3.07556e+04 |
|          90.81 |   UVW1 | 9.35179e-05 | 1.26027e+15 | 1.25196e+43 | 1.26840e+42 | 2.84474e+42 | 3.38714e+43 | 3.10015e+04 |
|          94.79 |   UVW1 | 1.02540e-04 | 1.26027e+15 | 1.37274e+43 | 1.26434e+42 | 3.12325e+42 | 3.70224e+43 | 3.09449e+04 |
|          98.52 |   UVW1 | 1.18821e-04 | 1.26027e+15 | 1.59070e+43 | 1.46509e+42 | 3.62662e+42 | 4.26877e+43 | 3.08555e+04 |
|         103.63 |   UVW1 | 8.37327e-05 | 1.26027e+15 | 1.12096e+43 | 1.23893e+42 | 2.56122e+42 | 2.99252e+43 | 3.07618e+04 |
|         149.54 |   UVW1 | 5.84649e-05 | 1.26027e+15 | 7.82689e+42 | 1.87430e+42 | 1.73519e+42 | 2.25344e+43 | 3.21214e+04 |
|         154.79 |   UVW1 | 5.48144e-05 | 1.26027e+15 | 7.33819e+42 | 9.46222e+41 | 1.61491e+42 | 2.15442e+43 | 3.24745e+04 |
|         159.40 |   UVW1 | 6.06589e-05 | 1.26027e+15 | 8.12062e+42 | 1.34629e+42 | 1.77709e+42 | 2.42062e+43 | 3.27496e+04 |
|         164.01 |   UVW1 | 3.97095e-05 | 1.26027e+15 | 5.31605e+42 | 1.61577e+42 | 1.15666e+42 | 1.60998e+43 | 3.30374e+04 |
|         173.73 |   UVW1 | 6.12202e-05 | 1.26027e+15 | 8.19576e+42 | 2.41554e+42 | 1.76172e+42 | 2.56891e+43 | 3.36629e+04 |
|         179.36 |   UVW1 | 6.65112e-05 | 1.26027e+15 | 8.90408e+42 | 1.96823e+42 | 1.89652e+42 | 2.86681e+43 | 3.41530e+04 |
|         203.11 |   UVW1 | 2.43722e-05 | 1.26027e+15 | 3.26279e+42 | 1.44247e+42 | 7.09420e+41 | 9.90068e+42 | 3.30728e+04 |
|         309.62 |   UVW1 | 2.79830e-05 | 1.26027e+15 | 3.74618e+42 | 1.03511e+42 | 7.41662e+41 | 1.54102e+43 | 3.87332e+04 |
|         363.05 |   UVW1 | 2.32753e-05 | 1.26027e+15 | 3.11594e+42 | 1.09056e+42 | 6.16272e+41 | 1.28661e+43 | 3.88055e+04 |
|          15.54 |      U | 3.05113e-04 | 9.17504e+14 | 2.48732e+43 | 1.83273e+42 | 1.03129e+43 | 1.38122e+44 | 3.25261e+04 |
|          19.23 |      U | 2.68201e-04 | 9.17504e+14 | 2.18641e+43 | 3.02064e+42 | 9.13580e+42 | 1.14712e+44 | 3.16832e+04 |
|          22.20 |      U | 2.91381e-04 | 9.17504e+14 | 2.37537e+43 | 2.84414e+42 | 9.98175e+42 | 1.19748e+44 | 3.10975e+04 |
|          25.17 |      U | 3.05113e-04 | 9.17504e+14 | 2.48732e+43 | 2.74909e+42 | 1.05113e+43 | 1.20656e+44 | 3.05380e+04 |
|          28.24 |      U | 2.65742e-04 | 9.17504e+14 | 2.16637e+43 | 2.39436e+42 | 9.21891e+42 | 1.00373e+44 | 2.98779e+04 |
|          28.33 |      U | 2.27227e-04 | 9.17504e+14 | 1.85239e+43 | 2.72978e+42 | 7.88439e+42 | 8.57120e+43 | 2.98590e+04 |
|          30.66 |      U | 2.25144e-04 | 9.17504e+14 | 1.83540e+43 | 2.36666e+42 | 7.84327e+42 | 8.27928e+43 | 2.94962e+04 |
|          30.85 |      U | 2.35755e-04 | 9.17504e+14 | 1.92190e+43 | 2.30118e+42 | 8.21355e+42 | 8.66522e+43 | 2.94892e+04 |
|          34.23 |      U | 2.27227e-04 | 9.17504e+14 | 1.85239e+43 | 1.70611e+42 | 7.92473e+42 | 8.29707e+43 | 2.93958e+04 |
|          36.69 |      U | 2.29330e-04 | 9.17504e+14 | 1.86953e+43 | 1.72190e+42 | 8.00499e+42 | 8.32844e+43 | 2.93186e+04 |
|          39.53 |      U | 1.75574e-04 | 9.17504e+14 | 1.43130e+43 | 1.71376e+42 | 6.13331e+42 | 6.34569e+43 | 2.92506e+04 |
|          42.74 |      U | 2.37936e-04 | 9.17504e+14 | 1.93969e+43 | 2.32247e+42 | 8.32228e+42 | 8.53262e+43 | 2.91400e+04 |
|          47.29 |      U | 1.82163e-04 | 9.17504e+14 | 1.48502e+43 | 2.73550e+42 | 6.38089e+42 | 6.47357e+43 | 2.90119e+04 |
|          47.64 |      U | 1.89000e-04 | 9.17504e+14 | 1.54075e+43 | 1.84481e+42 | 6.62026e+42 | 6.71712e+43 | 2.90131e+04 |
|          67.82 |      U | 1.47388e-04 | 9.17504e+14 | 1.20152e+43 | 2.43461e+42 | 5.14535e+42 | 5.34841e+43 | 2.93076e+04 |
|          68.57 |      U | 1.11805e-04 | 9.17504e+14 | 9.11448e+42 | 2.01474e+42 | 3.90053e+42 | 4.07426e+43 | 2.93671e+04 |
|          72.73 |      U | 1.04824e-04 | 9.17504e+14 | 8.54539e+42 | 1.41671e+42 | 3.64518e+42 | 3.89888e+43 | 2.96583e+04 |
|         154.79 |      U | 5.60352e-05 | 9.17504e+14 | 4.56806e+42 | 1.17805e+42 | 1.89488e+42 | 2.52792e+43 | 3.24745e+04 |
|         159.40 |      U | 4.88046e-05 | 9.17504e+14 | 3.97861e+42 | 1.42913e+42 | 1.64634e+42 | 2.24254e+43 | 3.27497e+04 |
|         164.02 |      U | 3.60131e-05 | 9.17504e+14 | 2.93584e+42 | 1.94688e+42 | 1.21180e+42 | 1.68673e+43 | 3.30375e+04 |
|          15.54 |      B | 3.32799e-04 | 7.30879e+14 | 2.01822e+43 | 2.41651e+42 | 1.40372e+43 | 1.88000e+44 | 3.25260e+04 |
|          22.20 |      B | 2.21913e-04 | 7.30879e+14 | 1.34577e+43 | 3.59454e+42 | 9.40321e+42 | 1.12807e+44 | 3.10974e+04 |
|          25.17 |      B | 2.17862e-04 | 7.30879e+14 | 1.32120e+43 | 3.40724e+42 | 9.24943e+42 | 1.06170e+44 | 3.05379e+04 |
|          28.24 |      B | 1.88011e-04 | 7.30879e+14 | 1.14017e+43 | 3.04539e+42 | 8.00111e+42 | 8.71132e+43 | 2.98778e+04 |
|          30.85 |      B | 2.08057e-04 | 7.30879e+14 | 1.26174e+43 | 3.13768e+42 | 8.86715e+42 | 9.35474e+43 | 2.94892e+04 |
|          34.23 |      B | 1.66795e-04 | 7.30879e+14 | 1.01151e+43 | 2.23592e+42 | 7.11114e+42 | 7.44524e+43 | 2.93958e+04 |
|          47.29 |      B | 2.54790e-04 | 7.30879e+14 | 1.54515e+43 | 3.84246e+42 | 1.08790e+43 | 1.10370e+44 | 2.90119e+04 |
|          13.65 |  g.IOO | 1.92680e-04 | 6.79674e+14 | 1.05736e+43 | 9.73868e+41 | 8.74403e+42 | 1.20647e+44 | 3.29205e+04 |
|          18.40 |  g.IOO | 1.87084e-04 | 6.79674e+14 | 1.02666e+43 | 9.45584e+41 | 8.50378e+42 | 1.08264e+44 | 3.18627e+04 |
|          26.96 |  g.IOO | 1.66739e-04 | 6.79674e+14 | 9.15007e+42 | 8.42753e+41 | 7.60075e+42 | 8.46401e+43 | 3.01580e+04 |
|          46.90 |  g.IOO | 1.24405e-04 | 6.79674e+14 | 6.82692e+42 | 6.28782e+41 | 5.68306e+42 | 5.76747e+43 | 2.90158e+04 |
|          50.71 |  g.IOO | 1.12211e-04 | 6.79674e+14 | 6.15779e+42 | 5.67153e+41 | 5.12650e+42 | 5.18314e+43 | 2.89702e+04 |
|          54.49 |  g.IOO | 1.07656e-04 | 6.79674e+14 | 5.90778e+42 | 5.44127e+41 | 4.91960e+42 | 4.92201e+43 | 2.88432e+04 |
|         128.50 |  g.IOO | 4.08166e-05 | 6.79674e+14 | 2.23988e+42 | 2.06301e+41 | 1.85839e+42 | 2.18550e+43 | 3.08442e+04 |
|         132.39 |  g.IOO | 5.31174e-05 | 6.79674e+14 | 2.91491e+42 | 3.40960e+41 | 2.41725e+42 | 2.90916e+43 | 3.11382e+04 |
|         -27.91 |  g.ZTF | 0.00000e+00 | 6.66589e+14 | 0.00000e+00 | 4.15954e+42 | 0.00000e+00 | 0.00000e+00 | 4.25932e+04 |
|         -27.91 |  g.ZTF | 0.00000e+00 | 6.66589e+14 | 0.00000e+00 | 4.15954e+42 | 0.00000e+00 | 0.00000e+00 | 4.25931e+04 |
|         -27.91 |  g.ZTF | 0.00000e+00 | 6.66589e+14 | 0.00000e+00 | 4.15954e+42 | 0.00000e+00 | 0.00000e+00 | 4.25931e+04 |
|         -27.91 |  g.ZTF | 0.00000e+00 | 6.66589e+14 | 0.00000e+00 | 4.15954e+42 | 0.00000e+00 | 0.00000e+00 | 4.25931e+04 |
|         -27.91 |  g.ZTF | 0.00000e+00 | 6.66589e+14 | 0.00000e+00 | 4.15954e+42 | 0.00000e+00 | 0.00000e+00 | 4.25931e+04 |
|         -27.91 |  g.ZTF | 0.00000e+00 | 6.66589e+14 | 0.00000e+00 | 4.15954e+42 | 0.00000e+00 | 0.00000e+00 | 4.25931e+04 |
|         -27.91 |  g.ZTF | 0.00000e+00 | 6.66589e+14 | 0.00000e+00 | 4.15954e+42 | 0.00000e+00 | 0.00000e+00 | 4.25931e+04 |
|         -27.91 |  g.ZTF | 0.00000e+00 | 6.66589e+14 | 0.00000e+00 | 4.15954e+42 | 0.00000e+00 | 0.00000e+00 | 4.25931e+04 |
|         -27.91 |  g.ZTF | 0.00000e+00 | 6.66589e+14 | 0.00000e+00 | 4.15954e+42 | 0.00000e+00 | 0.00000e+00 | 4.25931e+04 |
|         -27.91 |  g.ZTF | 0.00000e+00 | 6.66589e+14 | 0.00000e+00 | 4.15954e+42 | 0.00000e+00 | 0.00000e+00 | 4.25931e+04 |
|         -27.91 |  g.ZTF | 0.00000e+00 | 6.66589e+14 | 0.00000e+00 | 4.15954e+42 | 0.00000e+00 | 0.00000e+00 | 4.25931e+04 |
|         -27.91 |  g.ZTF | 0.00000e+00 | 6.66589e+14 | 0.00000e+00 | 4.15954e+42 | 0.00000e+00 | 0.00000e+00 | 4.25931e+04 |
|         -27.91 |  g.ZTF | 0.00000e+00 | 6.66589e+14 | 0.00000e+00 | 4.15954e+42 | 0.00000e+00 | 0.00000e+00 | 4.25931e+04 |
|         -27.91 |  g.ZTF | 0.00000e+00 | 6.66589e+14 | 0.00000e+00 | 4.15954e+42 | 0.00000e+00 | 0.00000e+00 | 4.25931e+04 |
|         -27.91 |  g.ZTF | 0.00000e+00 | 6.66589e+14 | 0.00000e+00 | 4.15954e+42 | 0.00000e+00 | 0.00000e+00 | 4.25931e+04 |
|         -27.91 |  g.ZTF | 0.00000e+00 | 6.66589e+14 | 0.00000e+00 | 4.15954e+42 | 0.00000e+00 | 0.00000e+00 | 4.25931e+04 |
|         -27.91 |  g.ZTF | 0.00000e+00 | 6.66589e+14 | 0.00000e+00 | 4.15954e+42 | 0.00000e+00 | 0.00000e+00 | 4.25931e+04 |
|         -27.91 |  g.ZTF | 0.00000e+00 | 6.66589e+14 | 0.00000e+00 | 4.15954e+42 | 0.00000e+00 | 0.00000e+00 | 4.25931e+04 |
|         -27.91 |  g.ZTF | 0.00000e+00 | 6.66589e+14 | 0.00000e+00 | 4.15954e+42 | 0.00000e+00 | 0.00000e+00 | 4.25931e+04 |
|         -27.91 |  g.ZTF | 0.00000e+00 | 6.66589e+14 | 0.00000e+00 | 4.15954e+42 | 0.00000e+00 | 0.00000e+00 | 4.25931e+04 |
|         -27.91 |  g.ZTF | 0.00000e+00 | 6.66589e+14 | 0.00000e+00 | 4.15954e+42 | 0.00000e+00 | 0.00000e+00 | 4.25931e+04 |
|         -27.91 |  g.ZTF | 0.00000e+00 | 6.66589e+14 | 0.00000e+00 | 4.15954e+42 | 0.00000e+00 | 0.00000e+00 | 4.25931e+04 |
|         -27.91 |  g.ZTF | 0.00000e+00 | 6.66589e+14 | 0.00000e+00 | 4.15954e+42 | 0.00000e+00 | 0.00000e+00 | 4.25931e+04 |
|         -27.91 |  g.ZTF | 0.00000e+00 | 6.66589e+14 | 0.00000e+00 | 4.15954e+42 | 0.00000e+00 | 0.00000e+00 | 4.25931e+04 |
|         -27.91 |  g.ZTF | 0.00000e+00 | 6.66589e+14 | 0.00000e+00 | 4.15954e+42 | 0.00000e+00 | 0.00000e+00 | 4.25931e+04 |
|         -27.91 |  g.ZTF | 0.00000e+00 | 6.66589e+14 | 0.00000e+00 | 4.15954e+42 | 0.00000e+00 | 0.00000e+00 | 4.25931e+04 |
|         -27.91 |  g.ZTF | 0.00000e+00 | 6.66589e+14 | 0.00000e+00 | 4.15954e+42 | 0.00000e+00 | 0.00000e+00 | 4.25931e+04 |
|         -27.91 |  g.ZTF | 0.00000e+00 | 6.66589e+14 | 0.00000e+00 | 4.15954e+42 | 0.00000e+00 | 0.00000e+00 | 4.25931e+04 |
|         -27.91 |  g.ZTF | 0.00000e+00 | 6.66589e+14 | 0.00000e+00 | 4.15954e+42 | 0.00000e+00 | 0.00000e+00 | 4.25931e+04 |
|         -27.91 |  g.ZTF | 0.00000e+00 | 6.66589e+14 | 0.00000e+00 | 4.15954e+42 | 0.00000e+00 | 0.00000e+00 | 4.25931e+04 |
|         -27.91 |  g.ZTF | 0.00000e+00 | 6.66589e+14 | 0.00000e+00 | 4.15954e+42 | 0.00000e+00 | 0.00000e+00 | 4.25931e+04 |
|         -27.91 |  g.ZTF | 0.00000e+00 | 6.66589e+14 | 0.00000e+00 | 4.15954e+42 | 0.00000e+00 | 0.00000e+00 | 4.25931e+04 |
|         -27.91 |  g.ZTF | 0.00000e+00 | 6.66589e+14 | 0.00000e+00 | 4.15954e+42 | 0.00000e+00 | 0.00000e+00 | 4.25931e+04 |
|         -27.91 |  g.ZTF | 0.00000e+00 | 6.66589e+14 | 0.00000e+00 | 4.15954e+42 | 0.00000e+00 | 0.00000e+00 | 4.25931e+04 |
|         -27.91 |  g.ZTF | 0.00000e+00 | 6.66589e+14 | 0.00000e+00 | 4.15954e+42 | 0.00000e+00 | 0.00000e+00 | 4.25931e+04 |
|         -27.91 |  g.ZTF | 0.00000e+00 | 6.66589e+14 | 0.00000e+00 | 4.15954e+42 | 0.00000e+00 | 0.00000e+00 | 4.25931e+04 |
|         -27.91 |  g.ZTF | 0.00000e+00 | 6.66589e+14 | 0.00000e+00 | 4.15954e+42 | 0.00000e+00 | 0.00000e+00 | 4.25931e+04 |
|           3.43 |  g.ZTF | 1.99606e-04 | 6.66589e+14 | 1.09230e+43 | 1.00605e+42 | 9.44937e+42 | 1.52536e+44 | 3.50618e+04 |
|          12.93 |  g.ZTF | 1.94900e-04 | 6.66589e+14 | 1.06655e+43 | 9.82331e+41 | 9.24506e+42 | 1.29143e+44 | 3.30850e+04 |
|          23.40 |  g.ZTF | 1.80307e-04 | 6.66589e+14 | 9.86693e+42 | 9.08778e+41 | 8.57507e+42 | 1.00918e+44 | 3.08535e+04 |
|          29.11 |  g.ZTF | 1.62216e-04 | 6.66589e+14 | 8.87692e+42 | 8.17594e+41 | 7.72637e+42 | 8.29161e+43 | 2.96993e+04 |
|          29.12 |  g.ZTF | 1.66392e-04 | 6.66589e+14 | 9.10547e+42 | 8.38644e+41 | 7.92533e+42 | 8.50297e+43 | 2.96962e+04 |
|          31.96 |  g.ZTF | 1.54630e-04 | 6.66589e+14 | 8.46179e+42 | 7.79360e+41 | 7.36739e+42 | 7.76003e+43 | 2.94694e+04 |
|          34.80 |  g.ZTF | 1.46114e-04 | 6.66589e+14 | 7.99580e+42 | 7.36441e+41 | 6.96257e+42 | 7.27842e+43 | 2.93768e+04 |
|          41.48 |  g.ZTF | 1.52199e-04 | 6.66589e+14 | 8.32880e+42 | 7.67110e+41 | 7.25441e+42 | 7.47077e+43 | 2.91939e+04 |
|          44.32 |  g.ZTF | 1.21914e-04 | 6.66589e+14 | 6.67148e+42 | 6.14466e+41 | 5.81161e+42 | 5.94202e+43 | 2.91063e+04 |
|          47.12 |  g.ZTF | 1.13150e-04 | 6.66589e+14 | 6.19188e+42 | 5.93104e+41 | 5.39456e+42 | 5.47263e+43 | 2.90112e+04 |
|          55.71 |  g.ZTF | 1.04562e-04 | 6.66589e+14 | 5.72193e+42 | 5.27009e+41 | 4.98653e+42 | 4.97800e+43 | 2.88166e+04 |
|          55.73 |  g.ZTF | 1.03156e-04 | 6.66589e+14 | 5.64498e+42 | 5.19922e+41 | 4.91948e+42 | 4.91087e+43 | 2.88161e+04 |
|          58.59 |  g.ZTF | 9.69556e-05 | 6.66589e+14 | 5.30569e+42 | 4.88672e+41 | 4.62438e+42 | 4.58370e+43 | 2.87307e+04 |
|          61.43 |  g.ZTF | 9.13635e-05 | 6.66589e+14 | 4.99968e+42 | 4.60488e+41 | 4.35736e+42 | 4.33606e+43 | 2.87781e+04 |
|          67.13 |  g.ZTF | 8.36860e-05 | 6.66589e+14 | 4.57954e+42 | 4.21792e+41 | 3.98846e+42 | 4.12741e+43 | 2.92531e+04 |
|          72.85 |  g.ZTF | 8.22570e-05 | 6.66589e+14 | 4.50134e+42 | 6.31005e+41 | 3.91809e+42 | 4.19398e+43 | 2.96677e+04 |
|          80.34 |  g.ZTF | 7.59229e-05 | 6.66589e+14 | 4.15472e+42 | 3.82664e+41 | 3.61361e+42 | 4.05019e+43 | 3.02389e+04 |
|          83.20 |  g.ZTF | 7.56577e-05 | 6.66589e+14 | 4.14021e+42 | 3.81327e+41 | 3.59989e+42 | 4.11058e+43 | 3.04721e+04 |
|          84.23 |  g.ZTF | 6.86646e-05 | 6.66589e+14 | 3.75753e+42 | 3.46081e+41 | 3.26680e+42 | 3.75461e+43 | 3.05540e+04 |
|          84.23 |  g.ZTF | 6.94789e-05 | 6.66589e+14 | 3.80209e+42 | 3.50185e+41 | 3.30554e+42 | 3.79921e+43 | 3.05543e+04 |
|          84.24 |  g.ZTF | 6.98510e-05 | 6.66589e+14 | 3.82245e+42 | 3.52061e+41 | 3.32325e+42 | 3.81964e+43 | 3.05545e+04 |
|          84.28 |  g.ZTF | 7.25192e-05 | 6.66589e+14 | 3.96846e+42 | 3.65509e+41 | 3.45017e+42 | 3.96655e+43 | 3.05578e+04 |
|          86.06 |  g.ZTF | 6.78724e-05 | 6.66589e+14 | 3.71417e+42 | 3.42088e+41 | 3.22858e+42 | 3.74903e+43 | 3.06837e+04 |
|         100.43 |  g.ZTF | 5.18481e-05 | 6.66589e+14 | 2.83728e+42 | 6.93552e+41 | 2.46594e+42 | 2.89176e+43 | 3.08082e+04 |
|         103.06 |  g.ZTF | 5.54489e-05 | 6.66589e+14 | 3.03433e+42 | 4.47993e+41 | 2.63731e+42 | 3.08477e+43 | 3.07756e+04 |
|         115.54 |  g.ZTF | 4.04402e-05 | 6.66589e+14 | 2.21300e+42 | 2.67622e+41 | 1.92429e+42 | 2.19061e+43 | 3.04339e+04 |
|         122.18 |  g.ZTF | 3.87626e-05 | 6.66589e+14 | 2.12120e+42 | 3.07512e+41 | 1.84440e+42 | 2.10404e+43 | 3.04601e+04 |
|         136.43 |  g.ZTF | 3.12387e-05 | 6.66589e+14 | 1.70947e+42 | 2.91279e+41 | 1.48457e+42 | 1.83048e+43 | 3.14486e+04 |
|         139.21 |  g.ZTF | 2.90893e-05 | 6.66589e+14 | 1.59185e+42 | 4.07443e+41 | 1.38209e+42 | 1.73075e+43 | 3.16486e+04 |
|         143.06 |  g.ZTF | 2.98905e-05 | 6.66589e+14 | 1.63569e+42 | 2.61835e+41 | 1.41988e+42 | 1.80055e+43 | 3.18113e+04 |
|         145.84 |  g.ZTF | 3.08129e-05 | 6.66589e+14 | 1.68617e+42 | 2.59044e+41 | 1.46345e+42 | 1.87675e+43 | 3.19571e+04 |
|         145.86 |  g.ZTF | 2.77289e-05 | 6.66589e+14 | 1.51741e+42 | 2.61628e+41 | 1.31698e+42 | 1.68897e+43 | 3.19576e+04 |
|         146.81 |  g.ZTF | 3.32608e-05 | 6.66589e+14 | 1.82013e+42 | 1.67640e+41 | 1.57969e+42 | 2.02730e+43 | 3.19667e+04 |
|         147.76 |  g.ZTF | 3.41486e-05 | 6.66589e+14 | 1.86871e+42 | 1.72115e+41 | 1.62177e+42 | 2.08850e+43 | 3.20116e+04 |
|          12.01 | r.SEDM | 2.23633e-04 | 5.13959e+14 | 8.48344e+42 | 7.81354e+41 | 1.41491e+43 | 2.00844e+44 | 3.33000e+04 |
|          13.66 |  r.IOO | 1.85787e-04 | 5.13959e+14 | 7.04778e+42 | 6.49124e+41 | 1.17404e+43 | 1.61987e+44 | 3.29203e+04 |
|          18.40 |  r.IOO | 1.72431e-04 | 5.13959e+14 | 6.54112e+42 | 6.02460e+41 | 1.08578e+43 | 1.38232e+44 | 3.18625e+04 |
|          26.96 |  r.IOO | 1.60183e-04 | 5.13959e+14 | 6.07648e+42 | 5.59665e+41 | 1.00232e+43 | 1.11614e+44 | 3.01577e+04 |
|          46.90 |  r.IOO | 1.12672e-04 | 5.13959e+14 | 4.27417e+42 | 3.93666e+41 | 7.01732e+42 | 7.12153e+43 | 2.90158e+04 |
|          50.71 |  r.IOO | 1.06320e-04 | 5.13959e+14 | 4.03322e+42 | 3.71474e+41 | 6.62043e+42 | 6.69358e+43 | 2.89702e+04 |
|          54.49 |  r.IOO | 1.03613e-04 | 5.13959e+14 | 3.93054e+42 | 3.62016e+41 | 6.44834e+42 | 6.45149e+43 | 2.88432e+04 |
|         128.50 |  r.IOO | 3.77934e-05 | 5.13959e+14 | 1.43368e+42 | 1.32047e+41 | 2.37108e+42 | 2.78845e+43 | 3.08442e+04 |
|         132.39 |  r.IOO | 6.82050e-05 | 5.13959e+14 | 2.58733e+42 | 2.88346e+41 | 4.28370e+42 | 5.15548e+43 | 3.11383e+04 |
|         -27.95 |  r.ZTF | 0.00000e+00 | 4.96161e+14 | 0.00000e+00 | 3.47189e+42 | 0.00000e+00 | 0.00000e+00 | 4.26027e+04 |
|         -27.95 |  r.ZTF | 0.00000e+00 | 4.96161e+14 | 0.00000e+00 | 3.47189e+42 | 0.00000e+00 | 0.00000e+00 | 4.26027e+04 |
|         -27.95 |  r.ZTF | 0.00000e+00 | 4.96161e+14 | 0.00000e+00 | 3.47189e+42 | 0.00000e+00 | 0.00000e+00 | 4.26027e+04 |
|         -27.95 |  r.ZTF | 0.00000e+00 | 4.96161e+14 | 0.00000e+00 | 3.47189e+42 | 0.00000e+00 | 0.00000e+00 | 4.26027e+04 |
|         -27.95 |  r.ZTF | 0.00000e+00 | 4.96161e+14 | 0.00000e+00 | 3.47189e+42 | 0.00000e+00 | 0.00000e+00 | 4.26027e+04 |
|         -27.95 |  r.ZTF | 0.00000e+00 | 4.96161e+14 | 0.00000e+00 | 3.47189e+42 | 0.00000e+00 | 0.00000e+00 | 4.26027e+04 |
|         -27.95 |  r.ZTF | 0.00000e+00 | 4.96161e+14 | 0.00000e+00 | 3.47189e+42 | 0.00000e+00 | 0.00000e+00 | 4.26027e+04 |
|         -27.95 |  r.ZTF | 0.00000e+00 | 4.96161e+14 | 0.00000e+00 | 3.47189e+42 | 0.00000e+00 | 0.00000e+00 | 4.26027e+04 |
|         -27.95 |  r.ZTF | 0.00000e+00 | 4.96161e+14 | 0.00000e+00 | 3.47189e+42 | 0.00000e+00 | 0.00000e+00 | 4.26027e+04 |
|         -27.95 |  r.ZTF | 0.00000e+00 | 4.96161e+14 | 0.00000e+00 | 3.47189e+42 | 0.00000e+00 | 0.00000e+00 | 4.26027e+04 |
|         -27.95 |  r.ZTF | 0.00000e+00 | 4.96161e+14 | 0.00000e+00 | 3.47189e+42 | 0.00000e+00 | 0.00000e+00 | 4.26027e+04 |
|         -27.95 |  r.ZTF | 0.00000e+00 | 4.96161e+14 | 0.00000e+00 | 3.47189e+42 | 0.00000e+00 | 0.00000e+00 | 4.26027e+04 |
|         -27.95 |  r.ZTF | 0.00000e+00 | 4.96161e+14 | 0.00000e+00 | 3.47189e+42 | 0.00000e+00 | 0.00000e+00 | 4.26027e+04 |
|         -27.95 |  r.ZTF | 0.00000e+00 | 4.96161e+14 | 0.00000e+00 | 3.47189e+42 | 0.00000e+00 | 0.00000e+00 | 4.26027e+04 |
|         -27.95 |  r.ZTF | 0.00000e+00 | 4.96161e+14 | 0.00000e+00 | 3.47189e+42 | 0.00000e+00 | 0.00000e+00 | 4.26027e+04 |
|         -27.95 |  r.ZTF | 0.00000e+00 | 4.96161e+14 | 0.00000e+00 | 3.47189e+42 | 0.00000e+00 | 0.00000e+00 | 4.26027e+04 |
|         -27.95 |  r.ZTF | 0.00000e+00 | 4.96161e+14 | 0.00000e+00 | 3.47189e+42 | 0.00000e+00 | 0.00000e+00 | 4.26027e+04 |
|         -27.95 |  r.ZTF | 0.00000e+00 | 4.96161e+14 | 0.00000e+00 | 3.47189e+42 | 0.00000e+00 | 0.00000e+00 | 4.26027e+04 |
|         -27.95 |  r.ZTF | 0.00000e+00 | 4.96161e+14 | 0.00000e+00 | 3.47189e+42 | 0.00000e+00 | 0.00000e+00 | 4.26027e+04 |
|         -27.95 |  r.ZTF | 0.00000e+00 | 4.96161e+14 | 0.00000e+00 | 3.47189e+42 | 0.00000e+00 | 0.00000e+00 | 4.26027e+04 |
|         -27.95 |  r.ZTF | 0.00000e+00 | 4.96161e+14 | 0.00000e+00 | 3.47189e+42 | 0.00000e+00 | 0.00000e+00 | 4.26027e+04 |
|         -27.95 |  r.ZTF | 0.00000e+00 | 4.96161e+14 | 0.00000e+00 | 3.47189e+42 | 0.00000e+00 | 0.00000e+00 | 4.26027e+04 |
|         -27.95 |  r.ZTF | 0.00000e+00 | 4.96161e+14 | 0.00000e+00 | 3.47189e+42 | 0.00000e+00 | 0.00000e+00 | 4.26027e+04 |
|         -27.95 |  r.ZTF | 0.00000e+00 | 4.96161e+14 | 0.00000e+00 | 3.47189e+42 | 0.00000e+00 | 0.00000e+00 | 4.26027e+04 |
|         -27.95 |  r.ZTF | 0.00000e+00 | 4.96161e+14 | 0.00000e+00 | 3.47189e+42 | 0.00000e+00 | 0.00000e+00 | 4.26027e+04 |
|         -27.95 |  r.ZTF | 0.00000e+00 | 4.96161e+14 | 0.00000e+00 | 3.47189e+42 | 0.00000e+00 | 0.00000e+00 | 4.26027e+04 |
|         -27.95 |  r.ZTF | 0.00000e+00 | 4.96161e+14 | 0.00000e+00 | 3.47189e+42 | 0.00000e+00 | 0.00000e+00 | 4.26027e+04 |
|         -27.95 |  r.ZTF | 0.00000e+00 | 4.96161e+14 | 0.00000e+00 | 3.47189e+42 | 0.00000e+00 | 0.00000e+00 | 4.26027e+04 |
|         -27.95 |  r.ZTF | 0.00000e+00 | 4.96161e+14 | 0.00000e+00 | 3.47189e+42 | 0.00000e+00 | 0.00000e+00 | 4.26027e+04 |
|         -27.95 |  r.ZTF | 0.00000e+00 | 4.96161e+14 | 0.00000e+00 | 3.47189e+42 | 0.00000e+00 | 0.00000e+00 | 4.26027e+04 |
|         -27.95 |  r.ZTF | 0.00000e+00 | 4.96161e+14 | 0.00000e+00 | 3.47189e+42 | 0.00000e+00 | 0.00000e+00 | 4.26027e+04 |
|         -27.95 |  r.ZTF | 0.00000e+00 | 4.96161e+14 | 0.00000e+00 | 3.47189e+42 | 0.00000e+00 | 0.00000e+00 | 4.26027e+04 |
|         -27.95 |  r.ZTF | 0.00000e+00 | 4.96161e+14 | 0.00000e+00 | 3.47189e+42 | 0.00000e+00 | 0.00000e+00 | 4.26027e+04 |
|         -27.95 |  r.ZTF | 0.00000e+00 | 4.96161e+14 | 0.00000e+00 | 3.47189e+42 | 0.00000e+00 | 0.00000e+00 | 4.26027e+04 |
|         -27.95 |  r.ZTF | 0.00000e+00 | 4.96161e+14 | 0.00000e+00 | 3.47189e+42 | 0.00000e+00 | 0.00000e+00 | 4.26027e+04 |
|         -27.95 |  r.ZTF | 0.00000e+00 | 4.96161e+14 | 0.00000e+00 | 3.47189e+42 | 0.00000e+00 | 0.00000e+00 | 4.26027e+04 |
|         -27.95 |  r.ZTF | 0.00000e+00 | 4.96161e+14 | 0.00000e+00 | 3.47189e+42 | 0.00000e+00 | 0.00000e+00 | 4.26027e+04 |
|         -27.95 |  r.ZTF | 0.00000e+00 | 4.96161e+14 | 0.00000e+00 | 3.47189e+42 | 0.00000e+00 | 0.00000e+00 | 4.26027e+04 |
|         -27.95 |  r.ZTF | 0.00000e+00 | 4.96161e+14 | 0.00000e+00 | 3.47189e+42 | 0.00000e+00 | 0.00000e+00 | 4.26027e+04 |
|         -27.95 |  r.ZTF | 0.00000e+00 | 4.96161e+14 | 0.00000e+00 | 3.47189e+42 | 0.00000e+00 | 0.00000e+00 | 4.26027e+04 |
|         -27.95 |  r.ZTF | 0.00000e+00 | 4.96161e+14 | 0.00000e+00 | 3.47189e+42 | 0.00000e+00 | 0.00000e+00 | 4.26027e+04 |
|         -20.36 |  r.ZTF | 8.56458e-05 | 4.96161e+14 | 3.14215e+42 | 4.19451e+41 | 5.86852e+42 | 1.39281e+44 | 4.07883e+04 |
|          -9.91 |  r.ZTF | 1.45998e-04 | 4.96161e+14 | 5.35632e+42 | 4.93335e+41 | 9.93302e+42 | 1.96128e+44 | 3.79680e+04 |
|          -2.26 |  r.ZTF | 1.88099e-04 | 4.96161e+14 | 6.90091e+42 | 6.35597e+41 | 1.27418e+43 | 2.26664e+44 | 3.64402e+04 |
|           3.44 |  r.ZTF | 1.99446e-04 | 4.96161e+14 | 7.31722e+42 | 6.73941e+41 | 1.34525e+43 | 2.17112e+44 | 3.50589e+04 |
|          23.34 |  r.ZTF | 1.91138e-04 | 4.96161e+14 | 7.01239e+42 | 6.45865e+41 | 1.26917e+43 | 1.49483e+44 | 3.08634e+04 |
|          29.07 |  r.ZTF | 1.60467e-04 | 4.96161e+14 | 5.88717e+42 | 5.42228e+41 | 1.06001e+43 | 1.13820e+44 | 2.97063e+04 |
|          31.92 |  r.ZTF | 1.69444e-04 | 4.96161e+14 | 6.21651e+42 | 5.72561e+41 | 1.11806e+43 | 1.17770e+44 | 2.94699e+04 |
|          34.81 |  r.ZTF | 1.53485e-04 | 4.96161e+14 | 5.63101e+42 | 5.18635e+41 | 1.01230e+43 | 1.05818e+44 | 2.93762e+04 |
|          38.62 |  r.ZTF | 1.46213e-04 | 4.96161e+14 | 5.36422e+42 | 4.94063e+41 | 9.63874e+42 | 9.99271e+43 | 2.92753e+04 |
|          44.29 |  r.ZTF | 1.39529e-04 | 4.96161e+14 | 5.11901e+42 | 4.86566e+41 | 9.19063e+42 | 9.39762e+43 | 2.91072e+04 |
|          47.14 |  r.ZTF | 1.33090e-04 | 4.96161e+14 | 4.88277e+42 | 4.49720e+41 | 8.76235e+42 | 8.88922e+43 | 2.90113e+04 |
|          50.95 |  r.ZTF | 1.13853e-04 | 4.96161e+14 | 4.17702e+42 | 3.84718e+41 | 7.49431e+42 | 7.57672e+43 | 2.89696e+04 |
|          51.88 |  r.ZTF | 1.16088e-04 | 4.96161e+14 | 4.25899e+42 | 3.92267e+41 | 7.64020e+42 | 7.70438e+43 | 2.89385e+04 |
|          54.67 |  r.ZTF | 1.13059e-04 | 4.96161e+14 | 4.14788e+42 | 3.82034e+41 | 7.43718e+42 | 7.43792e+43 | 2.88385e+04 |
|          55.75 |  r.ZTF | 1.09715e-04 | 4.96161e+14 | 4.02519e+42 | 3.70734e+41 | 7.21638e+42 | 7.20357e+43 | 2.88158e+04 |
|          56.66 |  r.ZTF | 1.20355e-04 | 4.96161e+14 | 4.41557e+42 | 4.14009e+41 | 7.91554e+42 | 7.88987e+43 | 2.87981e+04 |
|          58.56 |  r.ZTF | 1.05542e-04 | 4.96161e+14 | 3.87210e+42 | 3.56633e+41 | 6.93901e+42 | 6.87890e+43 | 2.87323e+04 |
|          61.35 |  r.ZTF | 1.05348e-04 | 4.96161e+14 | 3.86497e+42 | 3.55977e+41 | 6.92759e+42 | 6.88977e+43 | 2.87712e+04 |
|          72.74 |  r.ZTF | 9.74150e-05 | 4.96161e+14 | 3.57393e+42 | 3.60113e+41 | 6.43357e+42 | 6.88140e+43 | 2.96584e+04 |
|          76.65 |  r.ZTF | 9.51099e-05 | 4.96161e+14 | 3.48936e+42 | 4.04299e+41 | 6.29009e+42 | 6.89322e+43 | 2.99587e+04 |
|          83.25 |  r.ZTF | 9.03953e-05 | 4.96161e+14 | 3.31640e+42 | 3.05451e+41 | 5.99221e+42 | 6.84414e+43 | 3.04755e+04 |
|          84.26 |  r.ZTF | 8.54724e-05 | 4.96161e+14 | 3.13579e+42 | 2.88817e+41 | 5.66789e+42 | 6.51534e+43 | 3.05562e+04 |
|          86.08 |  r.ZTF | 7.77080e-05 | 4.96161e+14 | 2.85093e+42 | 2.62580e+41 | 5.15593e+42 | 5.98780e+43 | 3.06853e+04 |
|          88.97 |  r.ZTF | 7.42311e-05 | 4.96161e+14 | 2.72337e+42 | 2.50831e+41 | 4.92992e+42 | 5.82593e+43 | 3.09059e+04 |
|          94.69 |  r.ZTF | 6.58546e-05 | 4.96161e+14 | 2.41605e+42 | 2.22527e+41 | 4.37440e+42 | 5.18658e+43 | 3.09480e+04 |
|         108.89 |  r.ZTF | 5.49675e-05 | 4.96161e+14 | 2.01663e+42 | 2.61148e+41 | 3.64647e+42 | 4.22178e+43 | 3.06464e+04 |
|         143.02 |  r.ZTF | 4.64928e-05 | 4.96161e+14 | 1.70571e+42 | 2.23713e+41 | 3.09933e+42 | 3.92957e+43 | 3.18090e+04 |
|         145.94 |  r.ZTF | 4.65571e-05 | 4.96161e+14 | 1.70807e+42 | 2.77826e+41 | 3.10549e+42 | 3.98345e+43 | 3.19602e+04 |
|         146.77 |  r.ZTF | 5.00848e-05 | 4.96161e+14 | 1.83750e+42 | 1.69240e+41 | 3.34088e+42 | 4.28747e+43 | 3.19665e+04 |
|         425.70 |  r.ZTF | 3.19232e-05 | 4.96161e+14 | 1.17119e+42 | 2.28793e+41 | 2.17725e+42 | 4.57211e+43 | 3.88939e+04 |
|          13.66 |  i.IOO | 1.92945e-04 | 4.23379e+14 | 5.72603e+42 | 5.27387e+41 | 1.58549e+43 | 2.18753e+44 | 3.29201e+04 |
|          18.40 |  i.IOO | 1.90473e-04 | 4.23379e+14 | 5.65267e+42 | 5.20630e+41 | 1.55544e+43 | 1.98021e+44 | 3.18622e+04 |
|          26.96 |  i.IOO | 1.71963e-04 | 4.23379e+14 | 5.10333e+42 | 4.70034e+41 | 1.38881e+43 | 1.54650e+44 | 3.01575e+04 |
|          46.91 |  i.IOO | 1.30928e-04 | 4.23379e+14 | 3.88556e+42 | 3.57873e+41 | 1.04875e+43 | 1.06432e+44 | 2.90157e+04 |
|          54.49 |  i.IOO | 1.15195e-04 | 4.23379e+14 | 3.41864e+42 | 3.14869e+41 | 9.21521e+42 | 9.21965e+43 | 2.88431e+04 |
|         128.51 |  i.IOO | 5.11722e-05 | 4.23379e+14 | 1.51864e+42 | 1.39872e+41 | 4.15195e+42 | 4.88281e+43 | 3.08443e+04 |
|         132.39 |  i.IOO | 8.99982e-05 | 4.23379e+14 | 2.67088e+42 | 4.99373e+41 | 7.31614e+42 | 8.80512e+43 | 3.11384e+04 |
|          13.66 |  z.IOO | 2.09660e-04 | 3.54966e+14 | 4.98094e+42 | 4.58762e+41 | 2.21591e+43 | 3.05728e+44 | 3.29199e+04 |
|          18.40 |  z.IOO | 1.95306e-04 | 3.54966e+14 | 4.63993e+42 | 4.27353e+41 | 2.04732e+43 | 2.60638e+44 | 3.18620e+04 |
|          26.96 |  z.IOO | 1.88242e-04 | 3.54966e+14 | 4.47210e+42 | 4.11896e+41 | 1.94473e+43 | 2.16550e+44 | 3.01573e+04 |
|          46.91 |  z.IOO | 1.45853e-04 | 3.54966e+14 | 3.46507e+42 | 3.19144e+41 | 1.49062e+43 | 1.51274e+44 | 2.90157e+04 |
|          50.72 |  z.IOO | 1.35368e-04 | 3.54966e+14 | 3.21597e+42 | 2.96201e+41 | 1.38284e+43 | 1.39811e+44 | 2.89702e+04 |
